file name,succeeded,learning_rounds,automaton_size,learning_time,smt_time,eq_oracle_time,total_time,queries_learning,validity_query,rule1,rule2,rule3,rule4,nodes,informative_nodes,analyzed_bases,sul_steps,cache_saved,queries_eq_oracle,steps_eq_oracle
oliveira/04_11/randm04.02.02.01.020_0030.01.aba.beta,True,2,3,0.0012617111206054688,0.011573553085327148,0.0007219314575195312,0.013557195663452148,10,2,0,0,2,2,9,9,1,20,0,536,8587
oliveira/04_11/randm04.02.02.01.020_0030.02.aba.beta,True,3,4,0.0020797252655029297,0.005742788314819336,0.001192331314086914,0.00901484489440918,13,3,0,0,3,3,11,11,1,27,0,889,14173
oliveira/04_11/randm04.02.02.01.020_0030.03.aba.beta,True,3,4,0.0022118091583251953,0.005924701690673828,0.0007166862487792969,0.00885319709777832,16,3,0,0,5,3,15,14,1,44,0,540,8592
oliveira/04_11/randm04.02.02.01.020_0030.04.aba.beta,True,4,4,0.003021717071533203,0.008542060852050781,0.0010709762573242188,0.012634754180908203,17,4,0,0,4,4,17,13,1,51,0,812,12908
oliveira/04_11/randm04.02.02.01.020_0030.05.aba.beta,True,3,4,0.002335786819458008,0.00519108772277832,0.0012650489807128906,0.008791923522949219,13,3,0,0,3,3,11,11,1,27,0,952,15069
oliveira/04_11/randm04.02.02.02.020_0030.01.aba.beta,True,1,1,0.0013873577117919922,0.0011284351348876953,0.0007023811340332031,0.0032181739807128906,3,1,0,0,0,1,3,3,1,2,0,543,8623
oliveira/04_11/randm04.02.02.02.020_0030.02.aba.beta,True,1,1,0.0004673004150390625,0.0012235641479492188,0.0007457733154296875,0.0024366378784179688,3,1,0,0,0,1,3,3,1,2,0,537,8598
oliveira/04_11/randm04.02.02.02.020_0030.03.aba.beta,True,1,1,0.0004553794860839844,0.001251220703125,0.0006930828094482422,0.0023996829986572266,3,1,0,0,0,1,3,3,1,2,0,527,8532
oliveira/04_11/randm04.02.02.02.020_0030.04.aba.beta,True,1,1,0.00045609474182128906,0.0011413097381591797,0.0007166862487792969,0.0023140907287597656,3,1,0,0,0,1,3,3,1,2,0,536,8589
oliveira/04_11/randm04.02.02.02.020_0030.05.aba.beta,True,1,1,0.00045990943908691406,0.0011525154113769531,0.0007429122924804688,0.002355337142944336,3,1,0,0,0,1,3,3,1,2,0,536,8583
oliveira/04_11/randm04.02.02.03.020_0030.01.aba.beta,True,2,3,0.001203775405883789,0.003402233123779297,0.0007114410400390625,0.0053174495697021484,12,2,0,0,3,2,14,11,1,31,0,536,8563
oliveira/04_11/randm04.02.02.03.020_0030.02.aba.beta,True,2,3,0.0013303756713867188,0.0037145614624023438,0.0007090568542480469,0.005753993988037109,11,2,0,0,2,2,21,9,1,43,0,545,8658
oliveira/04_11/randm04.02.02.03.020_0030.03.aba.beta,True,2,3,0.0013108253479003906,0.0030384063720703125,0.0007214546203613281,0.005070686340332031,11,2,0,0,3,2,10,10,1,23,0,540,8598
oliveira/04_11/randm04.02.02.03.020_0030.04.aba.beta,True,2,3,0.0012776851654052734,0.003092527389526367,0.0007333755493164062,0.005103588104248047,11,2,0,0,3,2,10,10,1,23,0,543,8612
oliveira/04_11/randm04.02.02.03.020_0030.05.aba.beta,True,2,3,0.0013663768768310547,0.0034351348876953125,0.0007128715515136719,0.005514383316040039,12,2,0,0,3,2,16,9,1,35,0,538,8578
oliveira/04_11/randm04.02.02.04.020_0030.01.aba.beta,True,1,1,0.0006611347198486328,0.0011339187622070312,0.0007147789001464844,0.0025098323822021484,3,1,0,0,0,1,3,3,1,2,0,529,8558
oliveira/04_11/randm04.02.02.04.020_0030.02.aba.beta,True,1,1,0.00046539306640625,0.0012392997741699219,0.0006973743438720703,0.002402067184448242,3,1,0,0,0,1,3,3,1,2,0,531,8570
oliveira/04_11/randm04.02.02.04.020_0030.03.aba.beta,True,1,1,0.0011544227600097656,0.0011103153228759766,0.0006999969482421875,0.0029647350311279297,3,1,0,0,0,1,3,3,1,2,0,532,8571
oliveira/04_11/randm04.02.02.04.020_0030.04.aba.beta,True,1,1,0.00047588348388671875,0.0012385845184326172,0.0007054805755615234,0.0024199485778808594,3,1,0,0,0,1,3,3,1,2,0,535,8587
oliveira/04_11/randm04.02.02.04.020_0030.05.aba.beta,True,1,1,0.00046181678771972656,0.0011379718780517578,0.0007123947143554688,0.002312183380126953,3,1,0,0,0,1,3,3,1,2,0,539,8598
oliveira/04_11/randm04.02.02.05.020_0030.01.aba.beta,True,1,2,0.0006320476531982422,0.0015304088592529297,0.0007159709930419922,0.002878427505493164,5,1,0,0,0,1,5,5,1,6,0,533,8580
oliveira/04_11/randm04.02.02.05.020_0030.02.aba.beta,True,1,2,0.0006418228149414062,0.0015306472778320312,0.0007081031799316406,0.002880573272705078,5,1,0,0,0,1,5,5,1,6,0,529,8561
oliveira/04_11/randm04.02.02.05.020_0030.03.aba.beta,True,1,2,0.0006413459777832031,0.0014538764953613281,0.000720977783203125,0.0028162002563476562,5,1,0,0,0,1,5,5,1,6,0,538,8604
oliveira/04_11/randm04.02.02.05.020_0030.04.aba.beta,True,1,2,0.0006392002105712891,0.0014615058898925781,0.0007576942443847656,0.002858400344848633,5,1,0,0,0,1,5,5,1,6,0,531,8548
oliveira/04_11/randm04.02.02.05.020_0030.05.aba.beta,True,1,2,0.0006394386291503906,0.001466989517211914,0.0007221698760986328,0.0028285980224609375,5,1,0,0,0,1,5,5,1,6,0,528,8549
oliveira/04_11/randm04.02.02.06.020_0030.01.aba.beta,True,2,3,0.0013933181762695312,0.003879070281982422,0.0007078647613525391,0.005980253219604492,12,2,0,0,1,2,16,10,1,39,0,534,8558
oliveira/04_11/randm04.02.02.06.020_0030.02.aba.beta,True,2,3,0.001527547836303711,0.0038299560546875,0.0007216930389404297,0.006079196929931641,12,2,0,0,3,2,18,11,1,44,0,552,8677
oliveira/04_11/randm04.02.02.06.020_0030.03.aba.beta,True,2,3,0.001481771469116211,0.0033881664276123047,0.0007107257843017578,0.0055806636810302734,11,2,0,0,3,2,10,10,1,24,0,540,8602
oliveira/04_11/randm04.02.02.06.020_0030.04.aba.beta,True,3,3,0.003362894058227539,0.006378650665283203,0.0007345676422119141,0.010476112365722656,16,3,0,0,3,3,28,10,1,69,0,556,8693
oliveira/04_11/randm04.02.02.06.020_0030.05.aba.beta,True,2,3,0.0013806819915771484,0.0037636756896972656,0.0007188320159912109,0.005863189697265625,12,2,0,0,3,2,12,11,1,32,0,546,8620
oliveira/04_11/randm04.02.02.07.020_0030.01.aba.beta,True,1,2,0.0007369518280029297,0.001401662826538086,0.0007271766662597656,0.0028657913208007812,5,1,0,0,0,1,5,5,1,6,0,531,8557
oliveira/04_11/randm04.02.02.07.020_0030.02.aba.beta,True,1,2,0.0006103515625,0.0014314651489257812,0.0007164478302001953,0.0027582645416259766,5,1,0,0,0,1,5,5,1,6,0,531,8567
oliveira/04_11/randm04.02.02.07.020_0030.03.aba.beta,True,1,2,0.0006031990051269531,0.0014510154724121094,0.0007305145263671875,0.00278472900390625,5,1,0,0,0,1,5,5,1,6,0,538,8600
oliveira/04_11/randm04.02.02.07.020_0030.04.aba.beta,True,1,2,0.0006031990051269531,0.001443624496459961,0.0007107257843017578,0.002757549285888672,5,1,0,0,0,1,5,5,1,6,0,538,8598
oliveira/04_11/randm04.02.02.07.020_0030.05.aba.beta,True,1,2,0.0006146430969238281,0.0015139579772949219,0.0007157325744628906,0.0028443336486816406,5,1,0,0,0,1,5,5,1,6,0,541,8614
oliveira/04_11/randm04.02.02.08.020_0030.01.aba.beta,True,6,4,0.00658106803894043,0.06316924095153809,0.0009491443634033203,0.07069945335388184,56,6,0,0,9,10,187,26,5,544,0,712,10804
oliveira/04_11/randm04.02.02.08.020_0030.02.aba.beta,True,11,4,0.013442039489746094,0.16585659980773926,0.0009865760803222656,0.18028521537780762,92,11,0,0,6,14,337,23,4,1046,0,763,11329
oliveira/04_11/randm04.02.02.08.020_0030.03.aba.beta,True,4,4,0.003064870834350586,0.008947134017944336,0.0008013248443603516,0.012813329696655273,22,4,0,0,8,4,28,16,1,93,0,610,9543
oliveira/04_11/randm04.02.02.08.020_0030.04.aba.beta,True,3,4,0.002361774444580078,0.005528926849365234,0.0007271766662597656,0.008617877960205078,19,3,0,0,8,3,17,17,1,61,0,549,8629
oliveira/04_11/randm04.02.02.08.020_0030.05.aba.beta,True,3,4,0.002292156219482422,0.0063817501068115234,0.0007088184356689453,0.00938272476196289,21,3,0,0,8,3,27,18,1,88,0,558,8697
oliveira/04_11/randm04.02.02.09.020_0030.01.aba.beta,True,2,3,0.001306295394897461,0.003452301025390625,0.0006964206695556641,0.00545501708984375,11,2,0,0,2,2,11,10,1,29,0,541,8608
oliveira/04_11/randm04.02.02.09.020_0030.02.aba.beta,True,2,3,0.004198789596557617,0.0035724639892578125,0.0006947517395019531,0.008466005325317383,11,2,0,0,2,2,15,9,1,37,0,534,8569
oliveira/04_11/randm04.02.02.09.020_0030.03.aba.beta,True,2,3,0.0015456676483154297,0.0037910938262939453,0.0008244514465332031,0.006161212921142578,11,2,0,0,2,2,17,9,1,37,0,545,8636
oliveira/04_11/randm04.02.02.09.020_0030.04.aba.beta,True,2,3,0.0015091896057128906,0.003930568695068359,0.0007214546203613281,0.006161212921142578,11,2,0,0,2,2,23,10,1,49,0,553,8716
oliveira/04_11/randm04.02.02.09.020_0030.05.aba.beta,True,2,3,0.0014655590057373047,0.0037658214569091797,0.0007181167602539062,0.005949497222900391,11,2,0,0,2,2,18,10,1,43,0,549,8669
oliveira/04_11/randm04.02.02.10.020_0030.01.aba.beta,True,2,4,0.0017390251159667969,0.004933834075927734,0.0007369518280029297,0.007409811019897461,16,2,0,0,5,2,37,13,1,79,0,556,8820
oliveira/04_11/randm04.02.02.10.020_0030.02.aba.beta,True,2,4,0.00173187255859375,0.0044896602630615234,0.0007214546203613281,0.0069429874420166016,16,2,0,0,5,2,24,13,1,55,0,530,8565
oliveira/04_11/randm04.02.02.10.020_0030.03.aba.beta,True,2,4,0.0017409324645996094,0.0050814151763916016,0.0007433891296386719,0.007565736770629883,16,2,0,0,5,2,42,13,1,91,0,562,8955
oliveira/04_11/randm04.02.02.10.020_0030.04.aba.beta,True,2,4,0.0017910003662109375,0.0048046112060546875,0.0007264614105224609,0.007322072982788086,16,2,0,0,5,2,35,12,1,75,0,555,8784
oliveira/04_11/randm04.02.02.10.020_0030.05.aba.beta,True,2,4,0.0018084049224853516,0.00475621223449707,0.0007145404815673828,0.007279157638549805,15,2,0,0,4,2,34,13,1,72,0,560,8819
oliveira/04_11/randm04.02.02.11.020_0030.01.aba.beta,True,3,4,0.00250244140625,0.0057735443115234375,0.0011048316955566406,0.009380817413330078,16,3,0,0,5,3,14,13,1,38,0,844,13361
oliveira/04_11/randm04.02.02.11.020_0030.02.aba.beta,True,4,4,0.0040493011474609375,0.007668972015380859,0.0011265277862548828,0.01284480094909668,18,4,0,0,5,4,15,14,1,46,0,846,13351
oliveira/04_11/randm04.02.02.11.020_0030.03.aba.beta,True,4,4,0.0032172203063964844,0.008219242095947266,0.0008003711700439453,0.012236833572387695,18,4,0,0,5,4,15,14,1,54,0,611,9510
oliveira/04_11/randm04.02.02.11.020_0030.04.aba.beta,True,4,4,0.003282785415649414,0.008365631103515625,0.0007038116455078125,0.012352228164672852,19,4,0,0,4,4,18,13,1,66,0,554,8644
oliveira/04_11/randm04.02.02.11.020_0030.05.aba.beta,True,5,4,0.004044771194458008,0.010895252227783203,0.001065969467163086,0.016005992889404297,24,5,0,0,4,5,21,16,1,84,0,795,12785
oliveira/04_11/randm04.02.02.12.020_0030.01.aba.beta,True,2,3,0.0013051033020019531,0.003692150115966797,0.000701904296875,0.00569915771484375,12,2,0,0,3,2,17,11,1,39,0,545,8621
oliveira/04_11/randm04.02.02.12.020_0030.02.aba.beta,True,2,3,0.0015103816986083984,0.003667593002319336,0.0007312297821044922,0.0059092044830322266,12,2,0,0,3,2,16,9,1,37,0,550,8653
oliveira/04_11/randm04.02.02.12.020_0030.03.aba.beta,True,2,3,0.0015370845794677734,0.0035021305084228516,0.0007255077362060547,0.00576472282409668,12,2,0,0,3,2,14,11,1,35,0,551,8639
oliveira/04_11/randm04.02.02.12.020_0030.04.aba.beta,True,2,3,0.0017116069793701172,0.0037047863006591797,0.0008120536804199219,0.006228446960449219,12,2,0,0,3,2,12,11,1,31,0,541,8599
oliveira/04_11/randm04.02.02.12.020_0030.05.aba.beta,True,2,3,0.002832651138305664,0.0038962364196777344,0.0007419586181640625,0.007470846176147461,12,2,0,0,3,2,16,11,1,39,0,540,8607
oliveira/04_11/randm04.02.02.13.020_0030.01.aba.beta,True,1,1,0.0006070137023925781,0.0011649131774902344,0.0006926059722900391,0.0024645328521728516,3,1,0,0,0,1,3,3,1,2,0,528,8539
oliveira/04_11/randm04.02.02.13.020_0030.02.aba.beta,True,1,1,0.0004515647888183594,0.001104116439819336,0.0007021427154541016,0.002257823944091797,3,1,0,0,0,1,3,3,1,2,0,535,8584
oliveira/04_11/randm04.02.02.13.020_0030.03.aba.beta,True,1,1,0.00045800209045410156,0.0010857582092285156,0.0006966590881347656,0.002240419387817383,3,1,0,0,0,1,3,3,1,2,0,534,8583
oliveira/04_11/randm04.02.02.13.020_0030.04.aba.beta,True,1,1,0.0004565715789794922,0.0010797977447509766,0.000690460205078125,0.0022268295288085938,3,1,0,0,0,1,3,3,1,2,0,537,8593
oliveira/04_11/randm04.02.02.13.020_0030.05.aba.beta,True,1,1,0.00046563148498535156,0.0010950565338134766,0.0006966590881347656,0.0022573471069335938,3,1,0,0,0,1,3,3,1,2,0,543,8623
oliveira/04_11/randm04.02.02.14.020_0030.01.aba.beta,True,3,4,0.002267599105834961,0.005467653274536133,0.0007328987121582031,0.008468151092529297,16,3,0,0,5,3,14,14,1,38,0,547,8613
oliveira/04_11/randm04.02.02.14.020_0030.02.aba.beta,True,3,4,0.0022907257080078125,0.0055425167083740234,0.0007307529449462891,0.008563995361328125,15,3,0,0,4,3,13,12,1,34,0,542,8599
oliveira/04_11/randm04.02.02.14.020_0030.03.aba.beta,True,4,4,0.003350496292114258,0.01226186752319336,0.0007297992706298828,0.0163421630859375,22,4,0,0,4,5,28,16,2,128,0,577,8862
oliveira/04_11/randm04.02.02.14.020_0030.04.aba.beta,True,3,4,0.008677482604980469,0.0075566768646240234,0.0007076263427734375,0.01694178581237793,17,3,0,0,4,3,19,14,1,72,0,554,8684
oliveira/04_11/randm04.02.02.14.020_0030.05.aba.beta,True,3,4,0.0023038387298583984,0.005720853805541992,0.0007612705230712891,0.00878596305847168,16,3,0,0,5,3,14,13,1,38,0,539,8574
oliveira/04_11/randm04.02.02.15.020_0030.01.aba.beta,True,1,2,0.0007231235504150391,0.0014827251434326172,0.0007281303405761719,0.002933979034423828,5,1,0,0,0,1,5,4,1,6,0,533,8586
oliveira/04_11/randm04.02.02.15.020_0030.02.aba.beta,True,1,2,0.0006320476531982422,0.001558065414428711,0.0007243156433105469,0.0029144287109375,5,1,0,0,0,1,5,5,1,6,0,532,8581
oliveira/04_11/randm04.02.02.15.020_0030.03.aba.beta,True,1,2,0.0006434917449951172,0.0014379024505615234,0.0007245540618896484,0.002805948257446289,5,1,0,0,0,1,5,5,1,6,0,541,8605
oliveira/04_11/randm04.02.02.15.020_0030.04.aba.beta,True,1,2,0.000675201416015625,0.001435995101928711,0.0007357597351074219,0.002846956253051758,5,1,0,0,0,1,5,5,1,6,0,542,8616
oliveira/04_11/randm04.02.02.15.020_0030.05.aba.beta,True,1,2,0.0006399154663085938,0.0014684200286865234,0.000736236572265625,0.002844572067260742,5,1,0,0,0,1,5,5,1,6,0,534,8580
oliveira/04_11/randm04.02.02.16.020_0030.01.aba.beta,True,2,3,0.0011713504791259766,0.0032367706298828125,0.0007269382476806641,0.005135059356689453,13,2,0,0,4,2,13,12,1,33,0,536,8574
oliveira/04_11/randm04.02.02.16.020_0030.02.aba.beta,True,3,3,0.0021791458129882812,0.005779266357421875,0.0007357597351074219,0.008694171905517578,16,3,0,0,3,3,20,12,1,62,0,550,8634
oliveira/04_11/randm04.02.02.16.020_0030.03.aba.beta,True,2,3,0.0011947154998779297,0.0034089088439941406,0.0007205009460449219,0.005324125289916992,13,2,0,0,4,2,17,12,1,41,0,546,8632
oliveira/04_11/randm04.02.02.16.020_0030.04.aba.beta,True,2,3,0.002274751663208008,0.0034503936767578125,0.000732421875,0.00645756721496582,13,2,0,0,4,2,16,11,1,39,0,549,8641
oliveira/04_11/randm04.02.02.16.020_0030.05.aba.beta,True,3,3,0.0023941993713378906,0.008381843566894531,0.0007107257843017578,0.01148676872253418,21,3,0,0,4,3,71,12,1,137,0,560,8784
oliveira/04_11/randm04.02.02.17.020_0030.01.aba.beta,True,2,3,0.0013153553009033203,0.0036635398864746094,0.0007092952728271484,0.005688190460205078,10,2,0,0,1,2,16,9,1,33,0,549,8649
oliveira/04_11/randm04.02.02.17.020_0030.02.aba.beta,True,2,3,0.001514434814453125,0.0038557052612304688,0.0007300376892089844,0.006100177764892578,10,2,0,0,1,2,22,9,1,45,0,553,8710
oliveira/04_11/randm04.02.02.17.020_0030.03.aba.beta,True,2,3,0.0014815330505371094,0.003641366958618164,0.0006940364837646484,0.005816936492919922,10,2,0,0,1,2,13,9,1,31,0,535,8562
oliveira/04_11/randm04.02.02.17.020_0030.04.aba.beta,True,2,3,0.0014545917510986328,0.003596067428588867,0.0007035732269287109,0.005754232406616211,10,2,0,0,1,2,15,9,1,35,0,535,8572
oliveira/04_11/randm04.02.02.17.020_0030.05.aba.beta,True,2,3,0.001453399658203125,0.0037767887115478516,0.0006964206695556641,0.005926609039306641,10,2,0,0,1,2,17,9,1,35,0,540,8576
oliveira/04_11/randm04.02.02.18.020_0030.01.aba.beta,True,4,4,0.0033288002014160156,0.009091615676879883,0.0007655620574951172,0.013185977935791016,20,4,0,0,4,4,25,16,1,80,0,594,9157
oliveira/04_11/randm04.02.02.18.020_0030.02.aba.beta,True,3,4,0.002786397933959961,0.009379386901855469,0.0007355213165283203,0.01290130615234375,20,3,0,0,5,4,26,16,2,84,0,561,8719
oliveira/04_11/randm04.02.02.18.020_0030.03.aba.beta,True,3,4,0.0042035579681396484,0.020423412322998047,0.00070953369140625,0.025336503982543945,27,3,0,0,5,6,53,18,4,134,0,560,8728
oliveira/04_11/randm04.02.02.18.020_0030.04.aba.beta,True,4,4,0.003857851028442383,0.02360820770263672,0.0007443428039550781,0.02821040153503418,31,4,0,0,6,6,87,17,3,198,0,570,8835
oliveira/04_11/randm04.02.02.18.020_0030.05.aba.beta,True,4,4,0.003511667251586914,0.009374141693115234,0.0007414817810058594,0.013627290725708008,22,4,0,0,4,4,32,14,1,100,0,560,8703
oliveira/04_11/randm04.02.02.19.020_0030.01.aba.beta,True,2,3,0.0015327930450439453,0.0039441585540771484,0.0007302761077880859,0.00620722770690918,13,2,0,0,4,2,19,12,1,43,0,541,8599
oliveira/04_11/randm04.02.02.19.020_0030.02.aba.beta,True,3,3,0.002363920211791992,0.0068128108978271484,0.0007421970367431641,0.009918928146362305,16,3,0,0,4,3,29,13,1,90,0,571,8838
oliveira/04_11/randm04.02.02.19.020_0030.03.aba.beta,True,3,3,0.002187013626098633,0.006044149398803711,0.0007946491241455078,0.009025812149047852,16,3,0,0,4,3,19,12,1,61,0,546,8621
oliveira/04_11/randm04.02.02.19.020_0030.04.aba.beta,True,2,3,0.002643585205078125,0.0036668777465820312,0.0007076263427734375,0.007018089294433594,13,2,0,0,4,2,15,11,1,37,0,538,8589
oliveira/04_11/randm04.02.02.19.020_0030.05.aba.beta,True,4,3,0.004048824310302734,0.020814180374145508,0.0007348060607910156,0.025597810745239258,26,4,0,0,0,6,92,13,3,195,0,573,8836
oliveira/04_11/randm05.02.02.01.020_0030.01.aba.beta,True,2,3,0.0012295246124267578,0.0034618377685546875,0.0006918907165527344,0.00538325309753418,12,2,0,0,3,2,12,11,1,29,0,536,8566
oliveira/04_11/randm05.02.02.01.020_0030.02.aba.beta,True,2,3,0.0013415813446044922,0.0030977725982666016,0.0007145404815673828,0.0051538944244384766,12,2,0,0,3,2,12,11,1,29,0,542,8607
oliveira/04_11/randm05.02.02.01.020_0030.03.aba.beta,True,3,3,0.0019707679748535156,0.0054073333740234375,0.000713348388671875,0.008091449737548828,14,3,0,0,3,3,16,11,1,44,0,557,8677
oliveira/04_11/randm05.02.02.01.020_0030.04.aba.beta,True,2,3,0.0011289119720458984,0.0035638809204101562,0.0007202625274658203,0.005413055419921875,11,2,0,0,3,2,10,10,1,23,0,537,8578
oliveira/04_11/randm05.02.02.01.020_0030.05.aba.beta,True,2,3,0.0013935565948486328,0.003019571304321289,0.0007169246673583984,0.00513005256652832,11,2,0,0,3,2,10,10,1,23,0,525,8509
oliveira/04_11/randm05.02.02.02.020_0030.01.aba.beta,True,3,3,0.0021827220916748047,0.006185293197631836,0.0007309913635253906,0.009099006652832031,17,3,0,0,4,3,32,11,1,84,0,540,8629
oliveira/04_11/randm05.02.02.02.020_0030.02.aba.beta,True,2,3,0.0011854171752929688,0.0036292076110839844,0.0006783008575439453,0.0054929256439208984,12,2,0,0,3,2,18,9,1,39,0,544,8631
oliveira/04_11/randm05.02.02.02.020_0030.03.aba.beta,True,2,3,0.002288341522216797,0.0038330554962158203,0.0007102489471435547,0.006831645965576172,13,2,0,0,4,2,26,10,1,57,0,544,8682
oliveira/04_11/randm05.02.02.02.020_0030.04.aba.beta,True,2,3,0.0012934207916259766,0.00310516357421875,0.0006997585296630859,0.0050983428955078125,12,2,0,0,4,2,11,11,1,27,0,537,8583
oliveira/04_11/randm05.02.02.02.020_0030.05.aba.beta,True,2,3,0.0012555122375488281,0.0030918121337890625,0.000728607177734375,0.005075931549072266,12,2,0,0,4,2,11,11,1,27,0,535,8572
oliveira/04_11/randm05.02.02.03.020_0030.01.aba.beta,True,1,1,0.0005910396575927734,0.0010590553283691406,0.0007224082946777344,0.0023725032806396484,3,1,0,0,0,1,3,3,1,2,0,543,8619
oliveira/04_11/randm05.02.02.03.020_0030.02.aba.beta,True,1,1,0.0004563331604003906,0.0010943412780761719,0.0007023811340332031,0.0022530555725097656,3,1,0,0,0,1,3,3,1,2,0,538,8597
oliveira/04_11/randm05.02.02.03.020_0030.03.aba.beta,True,1,1,0.000461578369140625,0.0010967254638671875,0.0007154941558837891,0.0022737979888916016,3,1,0,0,0,1,3,3,1,2,0,537,8598
oliveira/04_11/randm05.02.02.03.020_0030.04.aba.beta,True,1,1,0.0004684925079345703,0.0011157989501953125,0.0007064342498779297,0.0022907257080078125,3,1,0,0,0,1,3,3,1,2,0,534,8583
oliveira/04_11/randm05.02.02.03.020_0030.05.aba.beta,True,1,1,0.0004603862762451172,0.0010881423950195312,0.000701904296875,0.0022504329681396484,3,1,0,0,0,1,3,3,1,2,0,521,8531
oliveira/04_11/randm05.02.02.04.020_0030.01.aba.beta,True,3,5,0.004207134246826172,0.03275752067565918,0.0007352828979492188,0.03769993782043457,35,3,0,0,12,10,44,26,8,142,0,556,8671
oliveira/04_11/randm05.02.02.04.020_0030.02.aba.beta,True,3,5,0.00415802001953125,0.021422863006591797,0.0007328987121582031,0.02631378173828125,29,3,0,0,9,6,46,20,4,124,0,549,8631
oliveira/04_11/randm05.02.02.04.020_0030.03.aba.beta,True,4,5,0.0037009716033935547,0.011465311050415039,0.0007703304290771484,0.015936613082885742,28,4,0,0,6,4,41,22,1,153,0,588,8919
oliveira/04_11/randm05.02.02.04.020_0030.04.aba.beta,True,6,5,0.006084442138671875,0.0318913459777832,0.0008361339569091797,0.03881192207336426,38,6,0,0,9,8,70,25,3,200,0,638,9737
oliveira/04_11/randm05.02.02.04.020_0030.05.aba.beta,True,5,5,0.0050067901611328125,0.020183324813842773,0.0007832050323486328,0.02597332000732422,32,5,0,0,8,7,45,21,3,149,0,620,9588
oliveira/04_11/randm05.02.02.05.020_0030.01.aba.beta,True,2,4,0.0020563602447509766,0.019272565841674805,0.0007295608520507812,0.022058486938476562,21,2,0,0,2,7,26,16,6,70,0,542,8591
oliveira/04_11/randm05.02.02.05.020_0030.02.aba.beta,True,3,4,0.002393484115600586,0.005906105041503906,0.0007245540618896484,0.00902414321899414,17,3,0,0,5,3,17,15,1,56,0,545,8604
oliveira/04_11/randm05.02.02.05.020_0030.03.aba.beta,True,4,4,0.003305673599243164,0.011580944061279297,0.0007295608520507812,0.015616178512573242,25,4,0,0,5,4,84,14,1,168,0,565,8803
oliveira/04_11/randm05.02.02.05.020_0030.04.aba.beta,True,5,4,0.0045201778411865234,0.025281906127929688,0.0007936954498291016,0.030595779418945312,43,5,0,0,4,5,167,15,1,495,0,609,9408
oliveira/04_11/randm05.02.02.05.020_0030.05.aba.beta,True,3,4,0.0025360584259033203,0.006926536560058594,0.0007417201995849609,0.010204315185546875,18,3,0,0,5,3,33,15,1,95,0,565,8843
oliveira/04_11/randm05.02.02.06.020_0030.01.aba.beta,True,7,5,0.011208295822143555,0.06778812408447266,0.0009579658508300781,0.07995438575744629,52,7,0,0,8,14,109,25,8,362,0,742,11237
oliveira/04_11/randm05.02.02.06.020_0030.02.aba.beta,True,6,5,0.01021432876586914,0.04850625991821289,0.0007464885711669922,0.05946707725524902,49,6,0,0,9,11,75,27,6,294,0,590,8859
oliveira/04_11/randm05.02.02.06.020_0030.03.aba.beta,True,7,5,0.011551380157470703,0.10959458351135254,0.000827789306640625,0.12197375297546387,81,7,0,0,10,16,292,29,10,798,0,649,9808
oliveira/04_11/randm05.02.02.06.020_0030.04.aba.beta,True,8,5,0.02009439468383789,0.18498587608337402,0.0009157657623291016,0.20599603652954102,85,8,0,0,10,21,267,30,14,794,0,722,10751
oliveira/04_11/randm05.02.02.06.020_0030.05.aba.beta,True,7,5,0.009023189544677734,0.05454397201538086,0.0007758140563964844,0.06434297561645508,55,7,0,0,9,12,77,28,6,376,0,610,9010
oliveira/04_11/randm05.02.02.07.020_0030.01.aba.beta,True,7,5,0.01796555519104004,0.08075094223022461,0.0011076927185058594,0.09982419013977051,56,7,0,0,11,10,212,29,4,493,0,837,12691
oliveira/04_11/randm05.02.02.07.020_0030.02.aba.beta,True,8,5,0.01633477210998535,0.12029266357421875,0.0011737346649169922,0.1378011703491211,70,8,0,0,10,13,304,28,6,702,0,778,11710
oliveira/04_11/randm05.02.02.07.020_0030.03.aba.beta,True,7,5,0.008251190185546875,0.05121874809265137,0.0008656978607177734,0.060335636138916016,54,7,0,0,9,12,172,23,6,466,0,666,10060
oliveira/04_11/randm05.02.02.07.020_0030.04.aba.beta,True,7,5,0.016546249389648438,0.22579669952392578,0.0011653900146484375,0.24350833892822266,86,7,0,0,13,19,479,35,13,922,0,883,13542
oliveira/04_11/randm05.02.02.07.020_0030.05.aba.beta,True,6,5,0.015123367309570312,0.10065126419067383,0.0010733604431152344,0.11684799194335938,53,6,0,0,10,10,281,26,5,536,0,837,12873
oliveira/04_11/randm05.02.02.08.020_0030.01.aba.beta,True,3,3,0.0024061203002929688,0.006570100784301758,0.0007402896881103516,0.009716510772705078,17,3,0,0,3,3,30,12,1,70,0,542,8605
oliveira/04_11/randm05.02.02.08.020_0030.02.aba.beta,True,2,3,0.0013570785522460938,0.0036118030548095703,0.0007290840148925781,0.005697965621948242,12,2,0,0,3,2,14,11,1,31,0,546,8621
oliveira/04_11/randm05.02.02.08.020_0030.03.aba.beta,True,5,3,0.007542848587036133,0.01106119155883789,0.0007448196411132812,0.019348859786987305,21,5,0,0,2,5,24,13,1,103,0,574,8794
oliveira/04_11/randm05.02.02.08.020_0030.04.aba.beta,True,2,3,0.001308441162109375,0.0035271644592285156,0.0007810592651367188,0.005616664886474609,11,2,0,0,3,2,10,10,1,25,0,539,8597
oliveira/04_11/randm05.02.02.08.020_0030.05.aba.beta,True,2,3,0.0014629364013671875,0.003484964370727539,0.0007383823394775391,0.005686283111572266,12,2,0,0,3,2,13,11,1,29,0,545,8613
oliveira/04_11/randm05.02.02.09.020_0030.01.aba.beta,True,4,4,0.0038301944732666016,0.01813960075378418,0.0008380413055419922,0.022807836532592773,29,4,0,0,3,4,212,14,1,348,0,649,10132
oliveira/04_11/randm05.02.02.09.020_0030.02.aba.beta,True,3,4,0.0028481483459472656,0.012519121170043945,0.0007650852203369141,0.016132354736328125,29,3,0,0,3,3,143,13,1,260,0,575,8912
oliveira/04_11/randm05.02.02.09.020_0030.03.aba.beta,True,2,4,0.0016326904296875,0.0038094520568847656,0.0007791519165039062,0.006221294403076172,13,2,0,0,3,2,12,11,1,36,0,546,8624
oliveira/04_11/randm05.02.02.09.020_0030.04.aba.beta,True,3,4,0.0027315616607666016,0.006304264068603516,0.0007359981536865234,0.00977182388305664,16,3,0,0,3,3,17,12,1,53,0,550,8635
oliveira/04_11/randm05.02.02.09.020_0030.05.aba.beta,True,5,4,0.006043910980224609,0.011771440505981445,0.0007507801055908203,0.018566131591796875,22,5,0,0,1,5,23,12,1,105,0,566,8719
oliveira/04_11/randm05.02.02.10.020_0030.01.aba.beta,True,7,5,0.008817672729492188,0.04846930503845215,0.0007870197296142578,0.058073997497558594,65,7,0,0,11,11,159,26,5,599,0,624,9379
oliveira/04_11/randm05.02.02.10.020_0030.02.aba.beta,True,5,5,0.007951974868774414,0.0720064640045166,0.0007753372192382812,0.0807337760925293,53,5,0,0,10,10,190,26,6,466,0,608,9245
oliveira/04_11/randm05.02.02.10.020_0030.03.aba.beta,True,6,5,0.0071871280670166016,0.03742694854736328,0.0007834434509277344,0.04539752006530762,46,6,0,0,7,8,134,23,3,382,0,605,9151
oliveira/04_11/randm05.02.02.10.020_0030.04.aba.beta,True,4,5,0.004258632659912109,0.02214503288269043,0.0007672309875488281,0.027170896530151367,34,4,0,0,7,6,58,24,3,176,0,595,9240
oliveira/04_11/randm05.02.02.10.020_0030.05.aba.beta,True,4,5,0.010890722274780273,0.10307049751281738,0.0007221698760986328,0.11468338966369629,59,4,0,0,12,15,160,28,12,426,0,566,8854
oliveira/04_11/randm05.02.02.11.020_0030.01.aba.beta,True,4,5,0.0035359859466552734,0.009581565856933594,0.0016338825225830078,0.014751434326171875,25,4,0,0,9,4,30,21,1,87,0,1214,19034
oliveira/04_11/randm05.02.02.11.020_0030.02.aba.beta,True,4,5,0.003635406494140625,0.009597063064575195,0.0015552043914794922,0.014787673950195312,25,4,0,0,9,4,34,20,1,97,0,1134,18070
oliveira/04_11/randm05.02.02.11.020_0030.03.aba.beta,True,7,5,0.00815725326538086,0.022119760513305664,0.0008940696716308594,0.031171083450317383,34,7,0,0,8,7,60,21,1,198,0,625,9568
oliveira/04_11/randm05.02.02.11.020_0030.04.aba.beta,True,5,5,0.0051097869873046875,0.022173404693603516,0.0008273124694824219,0.028110504150390625,33,5,0,0,9,7,53,24,3,191,0,640,9940
oliveira/04_11/randm05.02.02.11.020_0030.05.aba.beta,True,4,5,0.003250598907470703,0.009805440902709961,0.0016589164733886719,0.014714956283569336,25,4,0,0,9,4,30,21,1,89,0,1194,18929
oliveira/04_11/randm05.02.02.12.020_0030.01.aba.beta,True,4,3,0.0030286312103271484,0.009675741195678711,0.0007121562957763672,0.013416528701782227,20,4,0,0,3,4,38,12,1,107,0,568,8771
oliveira/04_11/randm05.02.02.12.020_0030.02.aba.beta,True,2,3,0.001528024673461914,0.003645181655883789,0.0007181167602539062,0.005891323089599609,12,2,0,0,3,2,13,11,1,33,0,546,8628
oliveira/04_11/randm05.02.02.12.020_0030.03.aba.beta,True,3,3,0.0022644996643066406,0.009638547897338867,0.0007224082946777344,0.012625455856323242,17,3,0,0,1,5,16,13,3,54,0,539,8588
oliveira/04_11/randm05.02.02.12.020_0030.04.aba.beta,True,2,3,0.002615690231323242,0.003471851348876953,0.0007066726684570312,0.0067942142486572266,12,2,0,0,3,2,12,11,1,31,0,547,8625
oliveira/04_11/randm05.02.02.12.020_0030.05.aba.beta,True,3,3,0.00238800048828125,0.0065479278564453125,0.0008370876312255859,0.009773015975952148,16,3,0,0,3,3,32,12,1,84,0,588,9202
oliveira/04_11/randm05.02.02.13.020_0030.01.aba.beta,True,3,5,0.002680540084838867,0.006510496139526367,0.0006937980651855469,0.009884834289550781,23,3,0,0,9,3,26,20,1,75,0,541,8576
oliveira/04_11/randm05.02.02.13.020_0030.02.aba.beta,True,8,5,0.00858616828918457,0.036089181900024414,0.0008032321929931641,0.04547858238220215,53,8,0,0,7,8,172,24,1,558,0,644,9665
oliveira/04_11/randm05.02.02.13.020_0030.03.aba.beta,True,3,5,0.004750490188598633,0.007348775863647461,0.0008063316345214844,0.012905597686767578,25,3,0,0,10,3,35,22,1,126,0,570,8829
oliveira/04_11/randm05.02.02.13.020_0030.04.aba.beta,True,6,5,0.006413459777832031,0.035265207290649414,0.0007793903350830078,0.04245805740356445,47,6,0,0,9,9,94,26,4,345,0,617,9325
oliveira/04_11/randm05.02.02.13.020_0030.05.aba.beta,True,3,5,0.0026226043701171875,0.006519794464111328,0.0006842613220214844,0.00982666015625,23,3,0,0,9,3,25,19,1,73,0,548,8613
oliveira/04_11/randm05.02.02.14.020_0030.01.aba.beta,True,1,1,0.0005140304565429688,0.0010783672332763672,0.0006864070892333984,0.0022788047790527344,3,1,0,0,0,1,3,3,1,2,0,531,8569
oliveira/04_11/randm05.02.02.14.020_0030.02.aba.beta,True,1,1,0.00046896934509277344,0.0011103153228759766,0.0007102489471435547,0.0022895336151123047,3,1,0,0,0,1,3,3,1,2,0,530,8565
oliveira/04_11/randm05.02.02.14.020_0030.03.aba.beta,True,1,1,0.0004589557647705078,0.0010886192321777344,0.0007040500640869141,0.0022516250610351562,3,1,0,0,0,1,3,3,1,2,0,541,8613
oliveira/04_11/randm05.02.02.14.020_0030.04.aba.beta,True,1,1,0.0004627704620361328,0.0010838508605957031,0.0006952285766601562,0.002241849899291992,3,1,0,0,0,1,3,3,1,2,0,532,8544
oliveira/04_11/randm05.02.02.14.020_0030.05.aba.beta,True,1,1,0.0018885135650634766,0.0010776519775390625,0.0006844997406005859,0.003650665283203125,3,1,0,0,0,1,3,3,1,2,0,530,8544
oliveira/04_11/randm05.02.02.15.020_0030.01.aba.beta,True,2,3,0.010571002960205078,0.010977029800415039,0.0007283687591552734,0.02227640151977539,18,2,0,0,1,4,41,11,3,79,0,537,8584
oliveira/04_11/randm05.02.02.15.020_0030.02.aba.beta,True,2,3,0.001466512680053711,0.0037069320678710938,0.0006735324859619141,0.005846977233886719,12,2,0,0,3,2,13,10,1,32,0,542,8602
oliveira/04_11/randm05.02.02.15.020_0030.03.aba.beta,True,2,3,0.0014688968658447266,0.0037086009979248047,0.0007104873657226562,0.0058879852294921875,12,2,0,0,3,2,13,10,1,32,0,540,8590
oliveira/04_11/randm05.02.02.15.020_0030.04.aba.beta,True,2,3,0.002027273178100586,0.008852481842041016,0.0007236003875732422,0.011603355407714844,14,2,0,0,1,4,23,11,3,51,0,546,8654
oliveira/04_11/randm05.02.02.15.020_0030.05.aba.beta,True,2,3,0.00194549560546875,0.008821487426757812,0.0007190704345703125,0.011486053466796875,18,2,0,0,3,4,25,16,3,63,0,549,8644
oliveira/04_11/randm05.02.02.16.020_0030.01.aba.beta,True,1,1,0.00045490264892578125,0.0010952949523925781,0.0007193088531494141,0.0022695064544677734,3,1,0,0,0,1,3,3,1,2,0,534,8587
oliveira/04_11/randm05.02.02.16.020_0030.02.aba.beta,True,1,1,0.0004956722259521484,0.0011014938354492188,0.000720977783203125,0.002318143844604492,3,1,0,0,0,1,3,3,1,2,0,540,8611
oliveira/04_11/randm05.02.02.16.020_0030.03.aba.beta,True,1,1,0.00046133995056152344,0.0010917186737060547,0.0007197856903076172,0.0022728443145751953,3,1,0,0,0,1,3,3,1,2,0,534,8572
oliveira/04_11/randm05.02.02.16.020_0030.04.aba.beta,True,1,1,0.0004665851593017578,0.0010960102081298828,0.0007293224334716797,0.0022919178009033203,3,1,0,0,0,1,3,3,1,2,0,543,8622
oliveira/04_11/randm05.02.02.16.020_0030.05.aba.beta,True,1,1,0.0013470649719238281,0.0010890960693359375,0.0006928443908691406,0.0031290054321289062,3,1,0,0,0,1,3,3,1,2,0,543,8624
oliveira/04_11/randm05.02.02.17.020_0030.01.aba.beta,True,5,5,0.0046558380126953125,0.012786865234375,0.0007305145263671875,0.0181732177734375,27,5,0,0,9,5,32,20,1,125,0,558,8651
oliveira/04_11/randm05.02.02.17.020_0030.02.aba.beta,True,4,5,0.004132986068725586,0.012584924697875977,0.0007495880126953125,0.017467498779296875,29,4,0,0,12,5,39,20,2,122,0,556,8667
oliveira/04_11/randm05.02.02.17.020_0030.03.aba.beta,True,7,5,0.008813858032226562,0.08915019035339355,0.0009057521820068359,0.09886980056762695,51,7,0,0,9,19,94,32,13,341,0,701,10504
oliveira/04_11/randm05.02.02.17.020_0030.04.aba.beta,True,6,5,0.007636070251464844,0.06677031517028809,0.0010962486267089844,0.07550263404846191,47,6,0,0,7,10,166,24,5,417,0,850,13116
oliveira/04_11/randm05.02.02.17.020_0030.05.aba.beta,True,4,5,0.005563020706176758,0.04708147048950195,0.0008356571197509766,0.05348014831542969,38,4,0,0,9,8,124,25,5,289,0,657,10122
oliveira/04_11/randm05.02.02.18.020_0030.01.aba.beta,True,1,1,0.0005776882171630859,0.001224517822265625,0.0007178783416748047,0.0025200843811035156,3,1,0,0,0,1,3,3,1,2,0,534,8577
oliveira/04_11/randm05.02.02.18.020_0030.02.aba.beta,True,1,1,0.0004639625549316406,0.001146554946899414,0.0006935596466064453,0.0023040771484375,3,1,0,0,0,1,3,3,1,2,0,535,8592
oliveira/04_11/randm05.02.02.18.020_0030.03.aba.beta,True,1,1,0.0004572868347167969,0.0011162757873535156,0.0007157325744628906,0.002289295196533203,3,1,0,0,0,1,3,3,1,2,0,529,8564
oliveira/04_11/randm05.02.02.18.020_0030.04.aba.beta,True,1,1,0.0004639625549316406,0.0011081695556640625,0.00070953369140625,0.002281665802001953,3,1,0,0,0,1,3,3,1,2,0,523,8497
oliveira/04_11/randm05.02.02.18.020_0030.05.aba.beta,True,1,1,0.0004754066467285156,0.0011074542999267578,0.00074005126953125,0.0023229122161865234,3,1,0,0,0,1,3,3,1,2,0,533,8555
oliveira/04_11/randm05.02.02.19.020_0030.01.aba.beta,True,2,3,0.0012760162353515625,0.0033559799194335938,0.0006999969482421875,0.005331993103027344,10,2,0,0,2,2,9,9,1,20,0,543,8612
oliveira/04_11/randm05.02.02.19.020_0030.02.aba.beta,True,2,3,0.0013926029205322266,0.00324249267578125,0.0007112026214599609,0.0053462982177734375,10,2,0,0,2,2,9,9,1,20,0,548,8631
oliveira/04_11/randm05.02.02.19.020_0030.03.aba.beta,True,2,3,0.0014443397521972656,0.0035369396209716797,0.0007319450378417969,0.005713224411010742,11,2,0,0,2,2,14,10,1,33,0,537,8592
oliveira/04_11/randm05.02.02.19.020_0030.04.aba.beta,True,2,3,0.0014276504516601562,0.0034079551696777344,0.0008084774017333984,0.005644083023071289,11,2,0,0,2,2,11,10,1,27,0,536,8571
oliveira/04_11/randm05.02.02.19.020_0030.05.aba.beta,True,2,3,0.0014133453369140625,0.0032317638397216797,0.0006926059722900391,0.005337715148925781,10,2,0,0,2,2,9,9,1,20,0,528,8538
oliveira/04_11/randm06.02.02.01.020_0030.01.aba.beta,True,3,4,0.0043604373931884766,0.01703810691833496,0.000736236572265625,0.022134780883789062,25,3,0,0,8,6,39,20,4,114,0,566,8785
oliveira/04_11/randm06.02.02.01.020_0030.02.aba.beta,True,4,4,0.003531217575073242,0.008957862854003906,0.0007421970367431641,0.013231277465820312,20,4,0,0,3,4,21,14,1,79,0,560,8674
oliveira/04_11/randm06.02.02.01.020_0030.03.aba.beta,True,4,4,0.003413677215576172,0.009744644165039062,0.0007719993591308594,0.013930320739746094,20,4,0,0,4,4,25,16,1,83,0,592,9145
oliveira/04_11/randm06.02.02.01.020_0030.04.aba.beta,True,4,4,0.003824472427368164,0.013082742691040039,0.0007948875427246094,0.017702102661132812,27,4,0,0,4,4,107,16,1,210,0,571,8896
oliveira/04_11/randm06.02.02.01.020_0030.05.aba.beta,True,5,4,0.009112358093261719,0.07925891876220703,0.0008943080902099609,0.08926558494567871,64,5,0,0,6,8,338,21,4,759,0,682,10492
oliveira/04_11/randm06.02.02.02.020_0030.01.aba.beta,True,2,3,0.001425027847290039,0.003487110137939453,0.0007450580596923828,0.005657196044921875,11,2,0,0,3,2,10,10,1,24,0,540,8590
oliveira/04_11/randm06.02.02.02.020_0030.02.aba.beta,True,2,3,0.0015645027160644531,0.003551483154296875,0.0007092952728271484,0.0058252811431884766,11,2,0,0,2,2,14,9,1,31,0,521,8482
oliveira/04_11/randm06.02.02.02.020_0030.03.aba.beta,True,2,3,0.0015103816986083984,0.0039174556732177734,0.0007386207580566406,0.0061664581298828125,12,2,0,0,3,2,19,11,1,43,0,548,8665
oliveira/04_11/randm06.02.02.02.020_0030.04.aba.beta,True,2,3,0.0014960765838623047,0.0036363601684570312,0.0007460117340087891,0.005878448486328125,12,2,0,0,3,2,16,11,1,39,0,547,8639
oliveira/04_11/randm06.02.02.02.020_0030.05.aba.beta,True,2,3,0.0014696121215820312,0.0033926963806152344,0.0007257461547851562,0.005588054656982422,11,2,0,0,3,2,10,10,1,24,0,541,8600
oliveira/04_11/randm06.02.02.03.020_0030.01.aba.beta,True,5,5,0.004530429840087891,0.013168811798095703,0.0012044906616210938,0.018903732299804688,30,5,0,0,9,5,46,20,1,127,0,891,13866
oliveira/04_11/randm06.02.02.03.020_0030.02.aba.beta,True,4,5,0.005501270294189453,0.008573770523071289,0.0013880729675292969,0.015463113784790039,23,4,0,0,9,4,21,20,1,68,0,1033,16340
oliveira/04_11/randm06.02.02.03.020_0030.03.aba.beta,True,5,5,0.004757881164550781,0.014226436614990234,0.0012314319610595703,0.020215749740600586,27,5,0,0,10,6,23,20,2,91,0,563,8668
oliveira/04_11/randm06.02.02.03.020_0030.04.aba.beta,True,6,5,0.005823373794555664,0.01802968978881836,0.0007481575012207031,0.024601221084594727,33,6,0,0,10,7,28,22,2,135,0,572,8711
oliveira/04_11/randm06.02.02.03.020_0030.05.aba.beta,True,5,5,0.0048389434814453125,0.03287529945373535,0.0013227462768554688,0.03903698921203613,39,5,0,0,9,5,170,20,1,299,0,1010,15794
oliveira/04_11/randm06.02.02.04.020_0030.01.aba.beta,True,1,1,0.0005745887756347656,0.0011665821075439453,0.0007221698760986328,0.0024633407592773438,3,1,0,0,0,1,3,3,1,2,0,525,8535
oliveira/04_11/randm06.02.02.04.020_0030.02.aba.beta,True,1,1,0.00046443939208984375,0.0012106895446777344,0.0007348060607910156,0.0024099349975585938,3,1,0,0,0,1,3,3,1,2,0,531,8571
oliveira/04_11/randm06.02.02.04.020_0030.03.aba.beta,True,1,1,0.0004658699035644531,0.0011086463928222656,0.000728607177734375,0.0023031234741210938,3,1,0,0,0,1,3,3,1,2,0,535,8590
oliveira/04_11/randm06.02.02.04.020_0030.04.aba.beta,True,1,1,0.0004684925079345703,0.00109100341796875,0.0007114410400390625,0.002270936965942383,3,1,0,0,0,1,3,3,1,2,0,532,8555
oliveira/04_11/randm06.02.02.04.020_0030.05.aba.beta,True,1,1,0.0004630088806152344,0.0011091232299804688,0.0006995201110839844,0.0022716522216796875,3,1,0,0,0,1,3,3,1,2,0,525,8541
oliveira/04_11/randm06.02.02.05.020_0030.01.aba.beta,True,6,5,0.010850191116333008,0.10009026527404785,0.0007503032684326172,0.11169075965881348,51,6,0,0,3,20,106,22,15,342,0,576,8844
oliveira/04_11/randm06.02.02.05.020_0030.02.aba.beta,True,5,5,0.006486654281616211,0.0508730411529541,0.0007507801055908203,0.05811047554016113,42,5,0,0,6,12,77,25,8,254,0,589,8950
oliveira/04_11/randm06.02.02.05.020_0030.03.aba.beta,True,2,5,0.0018341541290283203,0.004526615142822266,0.0007250308990478516,0.0070858001708984375,20,2,0,0,8,2,22,18,1,74,0,551,8642
oliveira/04_11/randm06.02.02.05.020_0030.04.aba.beta,True,4,5,0.004456043243408203,0.011361122131347656,0.0008516311645507812,0.01666879653930664,26,4,0,0,7,4,27,19,1,115,0,603,9503
oliveira/04_11/randm06.02.02.05.020_0030.05.aba.beta,True,3,5,0.002877950668334961,0.014161109924316406,0.0007448196411132812,0.01778388023376465,26,3,0,0,11,4,47,21,2,151,0,579,8982
oliveira/04_11/randm06.02.02.06.020_0030.01.aba.beta,True,8,5,0.009979724884033203,0.07647037506103516,0.0009331703186035156,0.08738327026367188,60,8,0,0,13,11,214,30,4,516,0,712,10654
oliveira/04_11/randm06.02.02.06.020_0030.02.aba.beta,True,7,5,0.01107645034790039,0.039096832275390625,0.0010578632354736328,0.05123114585876465,46,7,0,0,14,9,89,29,3,307,0,791,11955
oliveira/04_11/randm06.02.02.06.020_0030.03.aba.beta,True,3,5,0.007371664047241211,0.0731968879699707,0.0007715225219726562,0.08134007453918457,49,3,0,0,11,8,194,21,6,373,0,563,8840
oliveira/04_11/randm06.02.02.06.020_0030.04.aba.beta,True,6,5,0.013244152069091797,0.08450865745544434,0.001001119613647461,0.0987539291381836,70,6,0,0,15,13,293,28,8,725,0,744,11428
oliveira/04_11/randm06.02.02.06.020_0030.05.aba.beta,True,3,5,0.004580259323120117,0.039948225021362305,0.0007832050323486328,0.045311689376831055,33,3,0,0,11,12,40,21,10,142,0,575,9075
oliveira/04_11/randm06.02.02.07.020_0030.01.aba.beta,True,8,5,0.0074405670166015625,0.026525497436523438,0.0007917881011962891,0.03475785255432129,34,8,0,0,5,9,48,18,2,175,0,617,9265
oliveira/04_11/randm06.02.02.07.020_0030.02.aba.beta,True,3,5,0.00579380989074707,0.06210923194885254,0.0007123947143554688,0.06861543655395508,42,3,0,0,15,11,102,26,9,243,0,560,8748
oliveira/04_11/randm06.02.02.07.020_0030.03.aba.beta,True,8,5,0.015355587005615234,0.0932319164276123,0.0008487701416015625,0.1094362735748291,88,8,0,0,13,13,216,29,6,982,0,663,9792
oliveira/04_11/randm06.02.02.07.020_0030.04.aba.beta,True,7,5,0.007326364517211914,0.03499627113342285,0.0007333755493164062,0.04305601119995117,40,7,0,0,7,10,100,22,4,275,0,587,8895
oliveira/04_11/randm06.02.02.07.020_0030.05.aba.beta,True,6,5,0.00593113899230957,0.02643728256225586,0.0008745193481445312,0.03324294090270996,43,6,0,0,9,6,193,22,1,413,0,699,10680
oliveira/04_11/randm06.02.02.08.020_0030.01.aba.beta,True,4,4,0.0034637451171875,0.009895086288452148,0.0007278919219970703,0.014086723327636719,21,4,0,0,5,4,28,16,1,112,0,572,8782
oliveira/04_11/randm06.02.02.08.020_0030.02.aba.beta,True,3,4,0.004458427429199219,0.011871576309204102,0.0007259845733642578,0.017055988311767578,23,3,0,0,7,5,25,18,3,82,0,540,8582
oliveira/04_11/randm06.02.02.08.020_0030.03.aba.beta,True,4,4,0.0031578540802001953,0.008073091506958008,0.0008053779602050781,0.012036323547363281,18,4,0,0,5,4,15,14,1,46,0,537,8531
oliveira/04_11/randm06.02.02.08.020_0030.04.aba.beta,True,3,4,0.0024569034576416016,0.00548863410949707,0.0007145404815673828,0.008660078048706055,16,3,0,0,5,3,14,14,1,38,0,537,8579
oliveira/04_11/randm06.02.02.08.020_0030.05.aba.beta,True,3,4,0.0024023056030273438,0.010779857635498047,0.0007653236389160156,0.013947486877441406,22,3,0,0,6,4,38,18,2,124,0,581,8953
oliveira/04_11/randm06.02.02.09.020_0030.01.aba.beta,True,4,5,0.006791353225708008,0.07560014724731445,0.0009167194366455078,0.08330821990966797,48,4,0,0,8,11,176,27,8,353,0,703,11049
oliveira/04_11/randm06.02.02.09.020_0030.02.aba.beta,True,4,5,0.005047798156738281,0.03701519966125488,0.0007712841033935547,0.04283428192138672,37,4,0,0,6,5,218,19,2,387,0,580,9078
oliveira/04_11/randm06.02.02.09.020_0030.03.aba.beta,True,5,5,0.0062885284423828125,0.04583406448364258,0.0008420944213867188,0.05296468734741211,43,5,0,0,8,10,110,25,6,323,0,670,10279
oliveira/04_11/randm06.02.02.09.020_0030.04.aba.beta,True,4,5,0.0049343109130859375,0.03492236137390137,0.0008022785186767578,0.04065895080566406,35,4,0,0,7,10,90,19,7,216,0,585,9180
oliveira/04_11/randm06.02.02.09.020_0030.05.aba.beta,True,6,5,0.0075609683990478516,0.06177234649658203,0.0008299350738525391,0.07016324996948242,40,6,0,0,2,15,96,24,10,302,0,637,9739
oliveira/04_11/randm06.02.02.10.020_0030.01.aba.beta,True,4,4,0.0033762454986572266,0.010213375091552734,0.0007302761077880859,0.014319896697998047,18,4,0,0,3,5,17,12,2,57,0,554,8634
oliveira/04_11/randm06.02.02.10.020_0030.02.aba.beta,True,3,4,0.0043904781341552734,0.006243467330932617,0.0007197856903076172,0.011353731155395508,16,3,0,0,4,3,21,13,1,62,0,557,8689
oliveira/04_11/randm06.02.02.10.020_0030.03.aba.beta,True,3,4,0.002390623092651367,0.006162166595458984,0.0006999969482421875,0.009252786636352539,16,3,0,0,2,3,18,13,1,56,0,544,8586
oliveira/04_11/randm06.02.02.10.020_0030.04.aba.beta,True,3,4,0.0024199485778808594,0.0067026615142822266,0.000728607177734375,0.009851217269897461,15,3,0,0,1,3,29,12,1,78,0,571,8857
oliveira/04_11/randm06.02.02.10.020_0030.05.aba.beta,True,3,4,0.0023801326751708984,0.005751609802246094,0.0007154941558837891,0.008847236633300781,16,3,0,0,4,3,16,14,1,44,0,550,8631
oliveira/04_11/randm06.02.02.11.020_0030.01.aba.beta,True,9,6,0.026656627655029297,0.33898091316223145,0.0010745525360107422,0.3667120933532715,87,9,0,0,24,37,177,42,29,639,0,809,12241
oliveira/04_11/randm06.02.02.11.020_0030.02.aba.beta,True,9,6,0.03743267059326172,0.5796902179718018,0.0010495185852050781,0.6181724071502686,111,9,0,0,20,51,265,40,43,971,0,819,12276
oliveira/04_11/randm06.02.02.11.020_0030.03.aba.beta,True,10,6,0.0380406379699707,0.29470324516296387,0.0009658336639404297,0.333709716796875,100,10,0,0,18,31,333,39,22,987,0,759,11227
oliveira/04_11/randm06.02.02.11.020_0030.04.aba.beta,True,8,6,0.01441192626953125,0.18665671348571777,0.0008971691131591797,0.2019658088684082,68,8,0,0,16,18,218,32,11,571,0,715,10758
oliveira/04_11/randm06.02.02.11.020_0030.05.aba.beta,True,6,6,0.009124755859375,0.0617220401763916,0.0009746551513671875,0.07182145118713379,57,6,0,0,20,12,209,36,7,473,0,770,11672
oliveira/04_11/randm06.02.02.12.020_0030.01.aba.beta,True,3,4,0.0024111270904541016,0.006012439727783203,0.0007236003875732422,0.009147167205810547,16,3,0,0,4,3,19,14,1,56,0,558,8673
oliveira/04_11/randm06.02.02.12.020_0030.02.aba.beta,True,4,4,0.002727031707763672,0.009000539779663086,0.0007822513580322266,0.012509822845458984,18,4,0,0,4,4,25,13,1,81,0,559,8740
oliveira/04_11/randm06.02.02.12.020_0030.03.aba.beta,True,4,4,0.0036559104919433594,0.01097416877746582,0.0007007122039794922,0.015330791473388672,25,4,0,0,5,4,65,13,1,145,0,557,8725
oliveira/04_11/randm06.02.02.12.020_0030.04.aba.beta,True,3,4,0.002776622772216797,0.00654911994934082,0.0007364749908447266,0.010062217712402344,16,3,0,0,2,3,21,14,1,64,0,561,8699
oliveira/04_11/randm06.02.02.12.020_0030.05.aba.beta,True,3,4,0.004490375518798828,0.006799459457397461,0.0007369518280029297,0.012026786804199219,17,3,0,0,2,3,23,15,1,68,0,564,8720
oliveira/04_11/randm06.02.02.13.020_0030.01.aba.beta,True,9,4,0.01178598403930664,0.11764192581176758,0.0008392333984375,0.13026714324951172,95,9,0,0,1,17,231,24,9,1032,0,682,10074
oliveira/04_11/randm06.02.02.13.020_0030.02.aba.beta,True,6,4,0.010669708251953125,0.05423474311828613,0.0009281635284423828,0.06583261489868164,52,6,0,0,3,6,347,17,1,632,0,710,10809
oliveira/04_11/randm06.02.02.13.020_0030.03.aba.beta,True,3,4,0.004812717437744141,0.044957876205444336,0.0007436275482177734,0.05051422119140625,31,3,0,0,2,14,34,23,12,121,0,548,8618
oliveira/04_11/randm06.02.02.13.020_0030.04.aba.beta,True,4,4,0.003935098648071289,0.017822265625,0.0007531642913818359,0.022510528564453125,32,4,0,0,3,4,205,14,1,350,0,589,9104
oliveira/04_11/randm06.02.02.13.020_0030.05.aba.beta,True,3,4,0.007927179336547852,0.04839348793029785,0.0007359981536865234,0.05705666542053223,31,3,0,0,2,11,63,21,9,153,0,551,8672
oliveira/04_11/randm06.02.02.14.020_0030.01.aba.beta,True,8,6,0.011366844177246094,0.06586861610412598,0.0007805824279785156,0.07801604270935059,57,8,0,0,13,15,122,27,8,393,0,604,9109
oliveira/04_11/randm06.02.02.14.020_0030.02.aba.beta,True,6,6,0.007721662521362305,0.017452001571655273,0.0008306503295898438,0.026004314422607422,29,6,0,0,8,6,32,22,1,127,0,602,9183
oliveira/04_11/randm06.02.02.14.020_0030.03.aba.beta,True,9,6,0.016541481018066406,0.0890815258026123,0.0008809566497802734,0.10650396347045898,66,9,0,0,9,16,163,25,8,581,0,678,10221
oliveira/04_11/randm06.02.02.14.020_0030.04.aba.beta,True,5,6,0.008378028869628906,0.062139034271240234,0.0007259845733642578,0.0712430477142334,51,5,0,0,15,14,51,31,10,271,0,570,8727
oliveira/04_11/randm06.02.02.14.020_0030.05.aba.beta,True,6,6,0.007767915725708008,0.04403996467590332,0.0008106231689453125,0.05261850357055664,49,6,0,0,12,10,82,29,5,323,0,632,9615
oliveira/04_11/randm06.02.02.15.020_0030.01.aba.beta,True,2,5,0.0020055770874023438,0.005101680755615234,0.0007181167602539062,0.007825374603271484,22,2,0,0,6,2,29,20,1,88,0,541,8619
oliveira/04_11/randm06.02.02.15.020_0030.02.aba.beta,True,5,5,0.005650520324707031,0.033492088317871094,0.0008563995361328125,0.03999900817871094,46,5,0,0,3,5,181,18,1,464,0,661,10151
oliveira/04_11/randm06.02.02.15.020_0030.03.aba.beta,True,4,5,0.004430294036865234,0.011667013168334961,0.0007512569427490234,0.01684856414794922,26,4,0,0,10,4,26,19,1,111,0,585,9103
oliveira/04_11/randm06.02.02.15.020_0030.04.aba.beta,True,6,5,0.011265754699707031,0.05913352966308594,0.0008089542388916016,0.07120823860168457,59,6,0,0,10,9,171,24,4,607,0,622,9336
oliveira/04_11/randm06.02.02.15.020_0030.05.aba.beta,True,5,5,0.006020307540893555,0.028924942016601562,0.0008375644683837891,0.035782814025878906,45,5,0,0,6,5,236,18,1,459,0,627,9661
oliveira/04_11/randm06.02.02.16.020_0030.01.aba.beta,True,2,3,0.0014638900756835938,0.003515005111694336,0.0007271766662597656,0.005706071853637695,11,2,0,0,2,2,10,10,1,26,0,529,8513
oliveira/04_11/randm06.02.02.16.020_0030.02.aba.beta,True,3,3,0.002901792526245117,0.006636381149291992,0.0007200241088867188,0.010258197784423828,18,3,0,0,3,3,31,11,1,86,0,556,8685
oliveira/04_11/randm06.02.02.16.020_0030.03.aba.beta,True,2,3,0.0013267993927001953,0.0035669803619384766,0.001306772232055664,0.006200551986694336,11,2,0,0,3,2,10,10,1,21,0,837,13591
oliveira/04_11/randm06.02.02.16.020_0030.04.aba.beta,True,2,3,0.001402139663696289,0.0033156871795654297,0.0010983943939208984,0.005816221237182617,11,2,0,0,3,2,10,10,1,21,0,838,13337
oliveira/04_11/randm06.02.02.16.020_0030.05.aba.beta,True,2,3,0.00414729118347168,0.0035009384155273438,0.0008375644683837891,0.008485794067382812,12,2,0,0,3,2,13,11,1,34,0,550,8643
oliveira/04_11/randm06.02.02.17.020_0030.01.aba.beta,True,4,4,0.014256477355957031,0.010305404663085938,0.0007526874542236328,0.0253145694732666,24,4,0,0,5,4,38,16,1,118,0,564,8730
oliveira/04_11/randm06.02.02.17.020_0030.02.aba.beta,True,5,4,0.003916263580322266,0.012721538543701172,0.0007793903350830078,0.017417192459106445,24,5,0,0,5,5,27,18,1,108,0,604,9188
oliveira/04_11/randm06.02.02.17.020_0030.03.aba.beta,True,4,4,0.0039861202239990234,0.014841318130493164,0.0008728504180908203,0.019700288772583008,28,4,0,0,9,6,33,23,3,127,0,566,8747
oliveira/04_11/randm06.02.02.17.020_0030.04.aba.beta,True,3,4,0.0027654170989990234,0.010901212692260742,0.0007178783416748047,0.01438450813293457,22,3,0,0,6,5,24,17,3,69,0,544,8613
oliveira/04_11/randm06.02.02.17.020_0030.05.aba.beta,True,4,4,0.0034661293029785156,0.009012937545776367,0.0008833408355712891,0.013362407684326172,19,4,0,0,5,4,19,15,1,57,0,547,8604
oliveira/04_11/randm06.02.02.18.020_0030.01.aba.beta,True,10,6,0.013175010681152344,0.050147056579589844,0.0009202957153320312,0.06424236297607422,54,10,0,0,14,12,75,30,3,408,0,652,9376
oliveira/04_11/randm06.02.02.18.020_0030.02.aba.beta,True,7,6,0.008979320526123047,0.05226850509643555,0.0007464885711669922,0.061994314193725586,47,7,0,0,19,14,47,31,8,206,0,569,8681
oliveira/04_11/randm06.02.02.18.020_0030.03.aba.beta,True,7,6,0.008188247680664062,0.05498099327087402,0.000881195068359375,0.06405043601989746,46,7,0,0,13,13,58,31,7,259,0,681,10332
oliveira/04_11/randm06.02.02.18.020_0030.04.aba.beta,True,8,6,0.010620594024658203,0.039655447006225586,0.0008366107940673828,0.05111265182495117,50,8,0,0,11,8,207,26,1,442,0,655,9986
oliveira/04_11/randm06.02.02.18.020_0030.05.aba.beta,True,10,6,0.01251983642578125,0.06734180450439453,0.0009028911590576172,0.0807645320892334,57,10,0,0,16,14,100,36,5,433,0,693,10254
oliveira/04_11/randm06.02.02.19.020_0030.01.aba.beta,True,1,1,0.00046825408935546875,0.0011539459228515625,0.0007154941558837891,0.0023376941680908203,3,1,0,0,0,1,3,3,1,2,0,533,8572
oliveira/04_11/randm06.02.02.19.020_0030.02.aba.beta,True,1,1,0.003105640411376953,0.0014157295227050781,0.0006871223449707031,0.005208492279052734,3,1,0,0,0,1,3,3,1,2,0,537,8597
oliveira/04_11/randm06.02.02.19.020_0030.03.aba.beta,True,1,1,0.0004763603210449219,0.0010993480682373047,0.0006971359252929688,0.0022728443145751953,3,1,0,0,0,1,3,3,1,2,0,533,8578
oliveira/04_11/randm06.02.02.19.020_0030.04.aba.beta,True,1,1,0.00045561790466308594,0.0010974407196044922,0.0006742477416992188,0.002227306365966797,3,1,0,0,0,1,3,3,1,2,0,523,8524
oliveira/04_11/randm06.02.02.19.020_0030.05.aba.beta,True,1,1,0.000476837158203125,0.0012886524200439453,0.0006873607635498047,0.002452850341796875,3,1,0,0,0,1,3,3,1,2,0,525,8527
oliveira/04_11/randm07.02.02.01.020_0030.01.aba.beta,True,1,1,0.00045561790466308594,0.0010952949523925781,0.0008747577667236328,0.002425670623779297,3,1,0,0,0,1,3,3,1,2,0,529,8553
oliveira/04_11/randm07.02.02.01.020_0030.02.aba.beta,True,1,1,0.0004646778106689453,0.0011200904846191406,0.0007052421569824219,0.002290010452270508,3,1,0,0,0,1,3,3,1,2,0,526,8542
oliveira/04_11/randm07.02.02.01.020_0030.03.aba.beta,True,1,1,0.0004696846008300781,0.0010821819305419922,0.0007233619689941406,0.002275228500366211,3,1,0,0,0,1,3,3,1,2,0,531,8553
oliveira/04_11/randm07.02.02.01.020_0030.04.aba.beta,True,1,1,0.0004661083221435547,0.0012247562408447266,0.0007669925689697266,0.002457857131958008,3,1,0,0,0,1,3,3,1,2,0,530,8550
oliveira/04_11/randm07.02.02.01.020_0030.05.aba.beta,True,1,1,0.0004668235778808594,0.001093149185180664,0.00070953369140625,0.0022695064544677734,3,1,0,0,0,1,3,3,1,2,0,540,8609
oliveira/04_11/randm07.02.02.02.020_0030.01.aba.beta,True,1,1,0.0004661083221435547,0.001094818115234375,0.0007212162017822266,0.0022821426391601562,3,1,0,0,0,1,3,3,1,2,0,535,8587
oliveira/04_11/randm07.02.02.02.020_0030.02.aba.beta,True,1,1,0.00048279762268066406,0.0011146068572998047,0.0008394718170166016,0.0024368762969970703,3,1,0,0,0,1,3,3,1,2,0,538,8598
oliveira/04_11/randm07.02.02.02.020_0030.03.aba.beta,True,1,1,0.0004687309265136719,0.0011179447174072266,0.0007038116455078125,0.002290487289428711,3,1,0,0,0,1,3,3,1,2,0,533,8583
oliveira/04_11/randm07.02.02.02.020_0030.04.aba.beta,True,1,1,0.0012056827545166016,0.0013270378112792969,0.0007252693176269531,0.0032579898834228516,3,1,0,0,0,1,3,3,1,2,0,521,8515
oliveira/04_11/randm07.02.02.02.020_0030.05.aba.beta,True,1,1,0.0005071163177490234,0.001333475112915039,0.0007252693176269531,0.0025658607482910156,3,1,0,0,0,1,3,3,1,2,0,531,8576
oliveira/04_11/randm07.02.02.03.020_0030.01.aba.beta,True,11,7,0.04811882972717285,0.6331894397735596,0.0008342266082763672,0.6821424961090088,112,11,0,0,25,93,121,46,83,713,0,632,9092
oliveira/04_11/randm07.02.02.03.020_0030.02.aba.beta,True,13,7,0.026118993759155273,0.14563822746276855,0.0008311271667480469,0.17258834838867188,104,13,0,0,19,22,141,41,10,996,0,707,9885
oliveira/04_11/randm07.02.02.03.020_0030.03.aba.beta,True,13,7,0.05761456489562988,0.7289330959320068,0.0009090900421142578,0.787456750869751,115,13,0,0,21,92,192,53,80,866,0,727,10488
oliveira/04_11/randm07.02.02.03.020_0030.04.aba.beta,True,14,7,0.02304530143737793,0.1069800853729248,0.001478433609008789,0.13150382041931152,98,14,0,0,19,17,132,40,4,863,0,1140,16813
oliveira/04_11/randm07.02.02.03.020_0030.05.aba.beta,True,7,7,0.017376184463500977,0.12309813499450684,0.001191854476928711,0.14166617393493652,67,7,0,0,23,29,67,40,23,383,0,587,8841
oliveira/04_11/randm07.02.02.04.020_0030.01.aba.beta,True,3,4,0.002611875534057617,0.006557941436767578,0.0008916854858398438,0.010061502456665039,20,3,0,0,8,3,26,18,1,64,0,678,10752
oliveira/04_11/randm07.02.02.04.020_0030.02.aba.beta,True,3,4,0.0027577877044677734,0.009109020233154297,0.0011627674102783203,0.01302957534790039,25,3,0,0,11,4,35,20,2,92,0,902,14260
oliveira/04_11/randm07.02.02.04.020_0030.03.aba.beta,True,6,4,0.006688117980957031,0.03334236145019531,0.0016963481903076172,0.04172682762145996,47,6,0,0,7,6,178,17,1,385,0,1225,19210
oliveira/04_11/randm07.02.02.04.020_0030.04.aba.beta,True,5,4,0.007172346115112305,0.014399290084838867,0.0009558200836181641,0.022527456283569336,25,5,0,0,8,5,38,19,1,116,0,717,11292
oliveira/04_11/randm07.02.02.04.020_0030.05.aba.beta,True,6,4,0.005144596099853516,0.017688512802124023,0.0009336471557617188,0.023766756057739258,32,6,0,0,7,6,57,18,1,187,0,638,9756
oliveira/04_11/randm07.02.02.05.020_0030.01.aba.beta,True,10,6,0.016008853912353516,0.15000271797180176,0.000942230224609375,0.16695380210876465,68,10,0,0,11,29,173,33,20,478,0,736,10912
oliveira/04_11/randm07.02.02.05.020_0030.02.aba.beta,True,7,6,0.010342121124267578,0.044817209243774414,0.0009620189666748047,0.0561213493347168,57,7,0,0,9,9,177,25,3,462,0,721,10911
oliveira/04_11/randm07.02.02.05.020_0030.03.aba.beta,True,5,6,0.0069751739501953125,0.047551631927490234,0.0007772445678710938,0.05530405044555664,56,5,0,0,11,9,120,26,5,502,0,607,9320
oliveira/04_11/randm07.02.02.05.020_0030.04.aba.beta,True,5,6,0.004804849624633789,0.01754307746887207,0.0007107257843017578,0.023058652877807617,34,5,0,0,11,6,45,23,2,166,0,578,8787
oliveira/04_11/randm07.02.02.05.020_0030.05.aba.beta,True,7,6,0.007486820220947266,0.03404688835144043,0.0008332729339599609,0.042366981506347656,49,7,0,0,10,7,152,27,1,391,0,645,9620
oliveira/04_11/randm07.02.02.06.020_0030.01.aba.beta,True,4,4,0.0033876895904541016,0.008931875228881836,0.0007526874542236328,0.01307225227355957,20,4,0,0,5,4,21,16,1,70,0,553,8643
oliveira/04_11/randm07.02.02.06.020_0030.02.aba.beta,True,3,4,0.002559185028076172,0.005856990814208984,0.0007059574127197266,0.009122133255004883,17,3,0,0,5,3,20,15,1,51,0,550,8637
oliveira/04_11/randm07.02.02.06.020_0030.03.aba.beta,True,3,4,0.0024061203002929688,0.006009340286254883,0.0007109642028808594,0.009126424789428711,17,3,0,0,5,3,18,15,1,47,0,549,8627
oliveira/04_11/randm07.02.02.06.020_0030.04.aba.beta,True,3,4,0.002652883529663086,0.00666499137878418,0.0016102790832519531,0.010928153991699219,17,3,0,0,4,3,21,14,1,54,0,862,13755
oliveira/04_11/randm07.02.02.06.020_0030.05.aba.beta,True,3,4,0.0025899410247802734,0.006658792495727539,0.0018038749694824219,0.011052608489990234,18,3,0,0,5,3,22,16,1,61,0,576,9063
oliveira/04_11/randm07.02.02.07.020_0030.01.aba.beta,True,6,6,0.010507583618164062,0.06949329376220703,0.0009052753448486328,0.08090615272521973,51,6,0,0,14,16,64,32,11,279,0,587,8923
oliveira/04_11/randm07.02.02.07.020_0030.02.aba.beta,True,11,6,0.02928614616394043,0.47700929641723633,0.0011203289031982422,0.507415771484375,116,11,0,0,15,36,259,41,26,1202,0,858,12692
oliveira/04_11/randm07.02.02.07.020_0030.03.aba.beta,True,13,6,0.025674819946289062,0.15190529823303223,0.0011506080627441406,0.17873072624206543,81,13,0,0,11,20,198,29,8,714,0,784,11342
oliveira/04_11/randm07.02.02.07.020_0030.04.aba.beta,True,12,6,0.019011259078979492,0.07029843330383301,0.0013649463653564453,0.09067463874816895,63,12,0,0,8,14,111,24,3,472,0,1067,16062
oliveira/04_11/randm07.02.02.07.020_0030.05.aba.beta,True,8,6,0.01709461212158203,0.09435558319091797,0.00124359130859375,0.11269378662109375,72,8,0,0,13,16,261,33,9,630,0,982,14768
oliveira/04_11/randm07.02.02.08.020_0030.01.aba.beta,True,1,1,0.000640869140625,0.001211404800415039,0.0006983280181884766,0.0025506019592285156,3,1,0,0,0,1,3,3,1,2,0,542,8613
oliveira/04_11/randm07.02.02.08.020_0030.02.aba.beta,True,1,1,0.0004980564117431641,0.0012753009796142578,0.0007231235504150391,0.002496480941772461,3,1,0,0,0,1,3,3,1,2,0,539,8607
oliveira/04_11/randm07.02.02.08.020_0030.03.aba.beta,True,1,1,0.00048089027404785156,0.001115560531616211,0.0007014274597167969,0.0022978782653808594,3,1,0,0,0,1,3,3,1,2,0,534,8577
oliveira/04_11/randm07.02.02.08.020_0030.04.aba.beta,True,1,1,0.0004944801330566406,0.0011386871337890625,0.0008306503295898438,0.002463817596435547,3,1,0,0,0,1,3,3,1,2,0,536,8592
oliveira/04_11/randm07.02.02.08.020_0030.05.aba.beta,True,1,1,0.0004889965057373047,0.0011494159698486328,0.000728607177734375,0.0023670196533203125,3,1,0,0,0,1,3,3,1,2,0,536,8587
oliveira/04_11/randm07.02.02.09.020_0030.01.aba.beta,True,2,3,0.004186391830444336,0.004072427749633789,0.0007605552673339844,0.00901937484741211,13,2,0,0,4,2,18,12,1,42,0,545,8635
oliveira/04_11/randm07.02.02.09.020_0030.02.aba.beta,True,2,3,0.0015835762023925781,0.0037126541137695312,0.0007307529449462891,0.0060269832611083984,13,2,0,0,4,2,13,12,1,30,0,536,8557
oliveira/04_11/randm07.02.02.09.020_0030.03.aba.beta,True,2,3,0.00147247314453125,0.0038132667541503906,0.0008029937744140625,0.006088733673095703,13,2,0,0,4,2,14,12,1,32,0,546,8623
oliveira/04_11/randm07.02.02.09.020_0030.04.aba.beta,True,2,3,0.0015659332275390625,0.0040585994720458984,0.0007300376892089844,0.006354570388793945,13,2,0,0,4,2,20,12,1,46,0,545,8638
oliveira/04_11/randm07.02.02.09.020_0030.05.aba.beta,True,2,3,0.0015537738800048828,0.0038073062896728516,0.0007507801055908203,0.006111860275268555,13,2,0,0,4,2,16,12,1,38,0,540,8595
oliveira/04_11/randm07.02.02.10.020_0030.01.aba.beta,True,1,1,0.0007073879241943359,0.001163482666015625,0.0007033348083496094,0.0025742053985595703,3,1,0,0,0,1,3,3,1,2,0,537,8599
oliveira/04_11/randm07.02.02.10.020_0030.02.aba.beta,True,1,1,0.0005016326904296875,0.0011124610900878906,0.0007805824279785156,0.0023946762084960938,3,1,0,0,0,1,3,3,1,2,0,540,8608
oliveira/04_11/randm07.02.02.10.020_0030.03.aba.beta,True,1,1,0.00046515464782714844,0.001111745834350586,0.000690460205078125,0.0022673606872558594,3,1,0,0,0,1,3,3,1,2,0,527,8497
oliveira/04_11/randm07.02.02.10.020_0030.04.aba.beta,True,1,1,0.0004684925079345703,0.0011909008026123047,0.0007245540618896484,0.0023839473724365234,3,1,0,0,0,1,3,3,1,2,0,537,8603
oliveira/04_11/randm07.02.02.10.020_0030.05.aba.beta,True,1,1,0.0004658699035644531,0.0011153221130371094,0.0008132457733154297,0.002394437789916992,3,1,0,0,0,1,3,3,1,2,0,528,8551
oliveira/04_11/randm07.02.02.11.020_0030.01.aba.beta,True,6,5,0.008478879928588867,0.053026676177978516,0.0009667873382568359,0.06247234344482422,42,6,0,0,11,10,118,26,5,269,0,693,10770
oliveira/04_11/randm07.02.02.11.020_0030.02.aba.beta,True,4,5,0.0034911632537841797,0.009861469268798828,0.0009047985076904297,0.014257431030273438,23,4,0,0,7,4,36,19,1,119,0,668,10558
oliveira/04_11/randm07.02.02.11.020_0030.03.aba.beta,True,5,5,0.005492687225341797,0.02332305908203125,0.0013308525085449219,0.03014659881591797,33,5,0,0,6,5,164,19,1,355,0,850,13525
oliveira/04_11/randm07.02.02.11.020_0030.04.aba.beta,True,10,5,0.012877464294433594,0.10128664970397949,0.0010559558868408203,0.1152200698852539,69,10,0,0,10,15,178,34,6,560,0,781,11662
oliveira/04_11/randm07.02.02.11.020_0030.05.aba.beta,True,6,5,0.012166976928710938,0.08025956153869629,0.0009679794311523438,0.09339451789855957,61,6,0,0,12,10,193,28,5,593,0,734,11195
oliveira/04_11/randm07.02.02.12.020_0030.01.aba.beta,True,2,3,0.0013763904571533203,0.003557443618774414,0.0007300376892089844,0.005663871765136719,11,2,0,0,2,2,12,10,1,28,0,541,8597
oliveira/04_11/randm07.02.02.12.020_0030.02.aba.beta,True,2,3,0.0014576911926269531,0.003252267837524414,0.0006940364837646484,0.005403995513916016,10,2,0,0,2,2,9,9,1,18,0,538,8593
oliveira/04_11/randm07.02.02.12.020_0030.03.aba.beta,True,3,3,0.002447366714477539,0.005522727966308594,0.0007586479187011719,0.008728742599487305,12,3,0,0,2,3,11,9,1,26,0,539,8586
oliveira/04_11/randm07.02.02.12.020_0030.04.aba.beta,True,2,3,0.0013210773468017578,0.0035402774810791016,0.0006990432739257812,0.005560398101806641,11,2,0,0,2,2,13,10,1,30,0,534,8569
oliveira/04_11/randm07.02.02.12.020_0030.05.aba.beta,True,3,3,0.002500295639038086,0.006582021713256836,0.0007250308990478516,0.009807348251342773,18,3,0,0,2,3,32,10,1,91,0,555,8686
oliveira/04_11/randm07.02.02.13.020_0030.01.aba.beta,True,8,7,0.012889385223388672,0.05255937576293945,0.000982522964477539,0.06643128395080566,63,8,0,0,15,8,198,32,1,538,0,755,11298
oliveira/04_11/randm07.02.02.13.020_0030.02.aba.beta,True,8,7,0.008852481842041016,0.03391122817993164,0.0009999275207519531,0.04376363754272461,43,8,0,0,11,8,71,32,1,362,0,733,11243
oliveira/04_11/randm07.02.02.13.020_0030.03.aba.beta,True,11,7,0.027418136596679688,0.16786575317382812,0.0017342567443847656,0.19701814651489258,78,11,0,0,20,21,167,40,11,612,0,1343,20218
oliveira/04_11/randm07.02.02.13.020_0030.04.aba.beta,True,11,7,0.05551457405090332,0.6770431995391846,0.001562356948852539,0.7341201305389404,126,11,0,0,38,65,297,64,55,1137,0,976,14486
oliveira/04_11/randm07.02.02.13.020_0030.05.aba.beta,True,11,7,0.020111083984375,0.14125943183898926,0.0014688968658447266,0.16283941268920898,79,11,0,0,19,20,118,44,10,606,0,935,13723
oliveira/04_11/randm07.02.02.14.020_0030.01.aba.beta,True,2,3,0.001405954360961914,0.004565238952636719,0.0007536411285400391,0.006724834442138672,12,2,0,0,3,2,24,11,1,51,0,559,8755
oliveira/04_11/randm07.02.02.14.020_0030.02.aba.beta,True,2,3,0.0015823841094970703,0.0038661956787109375,0.0008349418640136719,0.00628352165222168,12,2,0,0,3,2,17,11,1,37,0,548,8632
oliveira/04_11/randm07.02.02.14.020_0030.03.aba.beta,True,2,3,0.004446506500244141,0.00422978401184082,0.0007574558258056641,0.009433746337890625,12,2,0,0,3,2,28,10,1,59,0,569,9159
oliveira/04_11/randm07.02.02.14.020_0030.04.aba.beta,True,3,3,0.0025818347930908203,0.010754823684692383,0.0007693767547607422,0.014106035232543945,25,3,0,0,3,3,112,11,1,208,0,560,8832
oliveira/04_11/randm07.02.02.14.020_0030.05.aba.beta,True,2,3,0.0015387535095214844,0.0034685134887695312,0.0007503032684326172,0.005757570266723633,11,2,0,0,2,2,10,10,1,25,0,544,8613
oliveira/04_11/randm07.02.02.15.020_0030.01.aba.beta,True,8,7,0.011075258255004883,0.03973031044006348,0.0008993148803710938,0.05170488357543945,47,8,0,0,11,9,63,24,2,323,0,644,9497
oliveira/04_11/randm07.02.02.15.020_0030.02.aba.beta,True,8,7,0.013803243637084961,0.11451196670532227,0.0009331703186035156,0.12924838066101074,67,8,0,0,16,18,126,37,11,486,0,679,10261
oliveira/04_11/randm07.02.02.15.020_0030.03.aba.beta,True,9,7,0.017917394638061523,0.18573546409606934,0.0020606517791748047,0.20571351051330566,99,9,0,0,20,23,435,39,15,1004,0,1163,17794
oliveira/04_11/randm07.02.02.15.020_0030.04.aba.beta,True,10,7,0.01573038101196289,0.09334778785705566,0.0009613037109375,0.11003947257995605,84,10,0,0,18,15,240,40,6,803,0,730,10737
oliveira/04_11/randm07.02.02.15.020_0030.05.aba.beta,True,13,7,0.05598616600036621,0.8284399509429932,0.0017135143280029297,0.8861396312713623,122,13,0,0,21,67,268,49,55,1013,0,1272,19297
oliveira/04_11/randm07.02.02.16.020_0030.01.aba.beta,True,4,4,0.0034399032592773438,0.010036468505859375,0.001184701919555664,0.014661073684692383,22,4,0,0,7,4,27,18,1,87,0,885,13865
oliveira/04_11/randm07.02.02.16.020_0030.02.aba.beta,True,3,4,0.007450103759765625,0.00650334358215332,0.0013005733489990234,0.015254020690917969,19,3,0,0,7,3,20,16,1,59,0,863,13747
oliveira/04_11/randm07.02.02.16.020_0030.03.aba.beta,True,3,4,0.002552509307861328,0.011181354522705078,0.0007481575012207031,0.01448202133178711,22,3,0,0,7,5,23,15,3,70,0,542,8601
oliveira/04_11/randm07.02.02.16.020_0030.04.aba.beta,True,4,4,0.003533601760864258,0.010275125503540039,0.0014095306396484375,0.015218257904052734,23,4,0,0,7,4,32,17,1,111,0,1001,15876
oliveira/04_11/randm07.02.02.16.020_0030.05.aba.beta,True,4,4,0.0034372806549072266,0.009142637252807617,0.0012583732604980469,0.01383829116821289,21,4,0,0,6,4,26,16,1,79,0,922,14649
oliveira/04_11/randm07.02.02.17.020_0030.01.aba.beta,True,9,6,0.011864900588989258,0.09375643730163574,0.0010330677032470703,0.10665440559387207,78,9,0,0,10,10,312,32,2,859,0,809,12132
oliveira/04_11/randm07.02.02.17.020_0030.02.aba.beta,True,8,6,0.011816263198852539,0.07572603225708008,0.0011310577392578125,0.08867335319519043,66,8,0,0,13,13,232,37,6,598,0,867,13255
oliveira/04_11/randm07.02.02.17.020_0030.03.aba.beta,True,11,6,0.022550344467163086,0.14081048965454102,0.0009801387786865234,0.16434097290039062,93,11,0,0,21,19,222,38,9,876,0,809,11740
oliveira/04_11/randm07.02.02.17.020_0030.04.aba.beta,True,10,6,0.012011528015136719,0.06679654121398926,0.0009226799011230469,0.07973074913024902,80,10,0,0,9,10,342,33,1,877,0,725,10643
oliveira/04_11/randm07.02.02.17.020_0030.05.aba.beta,True,8,6,0.015209436416625977,0.11681199073791504,0.0020411014556884766,0.1340625286102295,66,8,0,0,14,15,183,36,8,568,0,763,11312
oliveira/04_11/randm07.02.02.18.020_0030.01.aba.beta,True,12,7,0.04149031639099121,0.5065984725952148,0.0012898445129394531,0.5493786334991455,137,12,0,0,22,35,483,46,24,1491,0,929,13763
oliveira/04_11/randm07.02.02.18.020_0030.02.aba.beta,True,9,7,0.019138813018798828,0.2038888931274414,0.0010726451873779297,0.22410035133361816,100,9,0,0,20,17,297,36,9,998,0,803,12152
oliveira/04_11/randm07.02.02.18.020_0030.03.aba.beta,True,15,7,0.04325985908508301,0.48716092109680176,0.0017769336700439453,0.5321977138519287,144,15,0,0,9,39,580,42,25,1660,0,1301,19283
oliveira/04_11/randm07.02.02.18.020_0030.04.aba.beta,True,18,7,0.07898235321044922,0.9699876308441162,0.001615285873413086,1.0505852699279785,164,18,0,0,13,45,529,48,28,1752,0,1184,17177
oliveira/04_11/randm07.02.02.18.020_0030.05.aba.beta,True,13,7,0.036682844161987305,0.38454532623291016,0.0014584064483642578,0.4226865768432617,141,13,0,0,17,18,756,40,6,1775,0,1148,16968
oliveira/04_11/randm07.02.02.19.020_0030.01.aba.beta,True,7,5,0.007460355758666992,0.053282737731933594,0.0008487701416015625,0.06159186363220215,51,7,0,0,9,9,192,24,3,435,0,687,10450
oliveira/04_11/randm07.02.02.19.020_0030.02.aba.beta,True,7,5,0.009276866912841797,0.09524798393249512,0.000835418701171875,0.10536026954650879,68,7,0,0,7,17,195,25,11,690,0,668,10189
oliveira/04_11/randm07.02.02.19.020_0030.03.aba.beta,True,4,5,0.004151105880737305,0.01714611053466797,0.0008409023284912109,0.022138118743896484,37,4,0,0,8,4,188,21,1,327,0,635,9853
oliveira/04_11/randm07.02.02.19.020_0030.04.aba.beta,True,11,5,0.01988673210144043,0.3035774230957031,0.0010821819305419922,0.32454633712768555,103,11,0,0,8,25,420,33,15,1197,0,836,12375
oliveira/04_11/randm07.02.02.19.020_0030.05.aba.beta,True,5,5,0.00465846061706543,0.017084598541259766,0.0010395050048828125,0.022782564163208008,32,5,0,0,7,5,73,20,1,181,0,790,12237
oliveira/04_11/randm08.02.02.01.020_0030.01.aba.beta,True,8,7,0.0415496826171875,0.29810094833374023,0.00092315673828125,0.340573787689209,113,8,0,0,42,42,327,51,35,949,0,731,10863
oliveira/04_11/randm08.02.02.01.020_0030.02.aba.beta,True,6,7,0.010221242904663086,0.07429909706115723,0.0011026859283447266,0.08562302589416504,76,6,0,0,29,13,168,42,8,579,0,857,13085
oliveira/04_11/randm08.02.02.01.020_0030.03.aba.beta,True,9,7,0.016296863555908203,0.09592270851135254,0.0009407997131347656,0.11316037178039551,72,9,0,0,31,16,123,45,8,485,0,736,11044
oliveira/04_11/randm08.02.02.01.020_0030.04.aba.beta,True,8,7,0.02092146873474121,0.21460580825805664,0.0011310577392578125,0.23665833473205566,87,8,0,0,32,33,212,42,26,685,0,891,13503
oliveira/04_11/randm08.02.02.01.020_0030.05.aba.beta,True,11,7,0.019965171813964844,0.08361530303955078,0.0011358261108398438,0.10471630096435547,80,11,0,0,19,15,276,36,5,704,0,825,12113
oliveira/04_11/randm08.02.02.02.020_0030.01.aba.beta,True,9,6,0.012510538101196289,0.08427143096923828,0.0008091926574707031,0.09759116172790527,61,9,0,0,17,20,73,37,12,369,0,630,9224
oliveira/04_11/randm08.02.02.02.020_0030.02.aba.beta,True,14,6,0.023505687713623047,0.14366483688354492,0.000949859619140625,0.1681203842163086,103,14,0,0,9,27,202,35,14,1067,0,715,10252
oliveira/04_11/randm08.02.02.02.020_0030.03.aba.beta,True,8,6,0.01417851448059082,0.12510013580322266,0.0018241405487060547,0.14110279083251953,68,8,0,0,17,28,85,33,21,437,0,616,9092
oliveira/04_11/randm08.02.02.02.020_0030.04.aba.beta,True,9,6,0.01786351203918457,0.15711379051208496,0.0008096694946289062,0.17578697204589844,85,9,0,0,15,32,276,34,24,718,0,628,9317
oliveira/04_11/randm08.02.02.02.020_0030.05.aba.beta,True,12,6,0.02043437957763672,0.13884520530700684,0.0009310245513916016,0.16021060943603516,91,12,0,0,11,21,147,31,10,793,0,752,10712
oliveira/04_11/randm08.02.02.03.020_0030.01.aba.beta,True,9,7,0.013954401016235352,0.11307883262634277,0.0008227825164794922,0.12785601615905762,62,9,0,0,13,24,82,33,16,397,0,646,9503
oliveira/04_11/randm08.02.02.03.020_0030.02.aba.beta,True,9,7,0.037293195724487305,0.3235039710998535,0.0010271072387695312,0.36182427406311035,92,9,0,0,23,34,256,42,26,749,0,786,11735
oliveira/04_11/randm08.02.02.03.020_0030.03.aba.beta,True,11,7,0.030467987060546875,0.26944613456726074,0.0012857913970947266,0.30119991302490234,95,11,0,0,25,34,178,42,24,697,0,980,14665
oliveira/04_11/randm08.02.02.03.020_0030.04.aba.beta,True,8,7,0.018146038055419922,0.23897194862365723,0.0008721351623535156,0.25799012184143066,81,8,0,0,22,29,253,39,22,672,0,658,9814
oliveira/04_11/randm08.02.02.03.020_0030.05.aba.beta,True,8,7,0.019375085830688477,0.14954566955566406,0.0008015632629394531,0.169722318649292,71,8,0,0,16,24,120,38,17,458,0,614,9051
oliveira/04_11/randm08.02.02.04.020_0030.01.aba.beta,True,6,6,0.03942680358886719,0.5448577404022217,0.0009386539459228516,0.5852231979370117,96,6,0,0,15,40,406,34,35,948,0,674,10311
oliveira/04_11/randm08.02.02.04.020_0030.02.aba.beta,True,6,6,0.009279012680053711,0.07877254486083984,0.0008349418640136719,0.08888649940490723,53,6,0,0,8,14,87,24,9,328,0,580,8858
oliveira/04_11/randm08.02.02.04.020_0030.03.aba.beta,True,8,6,0.011688709259033203,0.11365818977355957,0.0009007453918457031,0.12624764442443848,54,8,0,0,10,15,174,27,8,418,0,693,10425
oliveira/04_11/randm08.02.02.04.020_0030.04.aba.beta,True,9,6,0.011957645416259766,0.060546159744262695,0.0009300708770751953,0.07343387603759766,65,9,0,0,7,9,214,26,1,639,0,716,10500
oliveira/04_11/randm08.02.02.04.020_0030.05.aba.beta,True,10,6,0.01877450942993164,0.13582348823547363,0.0009391307830810547,0.15553712844848633,81,10,0,0,11,20,180,32,11,639,0,736,10867
oliveira/04_11/randm08.02.02.05.020_0030.01.aba.beta,True,3,5,0.00665736198425293,0.008208751678466797,0.0008344650268554688,0.015700578689575195,23,3,0,0,8,3,30,20,1,93,0,560,8722
oliveira/04_11/randm08.02.02.05.020_0030.02.aba.beta,True,3,5,0.0028014183044433594,0.00794839859008789,0.0008449554443359375,0.011594772338867188,23,3,0,0,8,3,27,20,1,95,0,560,8713
oliveira/04_11/randm08.02.02.05.020_0030.03.aba.beta,True,7,5,0.04195690155029297,0.4007430076599121,0.0009031295776367188,0.4436030387878418,109,7,0,0,18,41,267,31,35,1018,0,686,10287
oliveira/04_11/randm08.02.02.05.020_0030.04.aba.beta,True,5,5,0.006644010543823242,0.03214716911315918,0.0007579326629638672,0.03954911231994629,50,5,0,0,6,8,103,19,4,382,0,591,8975
oliveira/04_11/randm08.02.02.05.020_0030.05.aba.beta,True,5,5,0.005620002746582031,0.02361774444580078,0.0008058547973632812,0.030043601989746094,44,5,0,0,6,6,155,21,2,393,0,611,9217
oliveira/04_11/randm08.02.02.06.020_0030.01.aba.beta,True,9,8,0.02303147315979004,0.33708858489990234,0.00103759765625,0.3611576557159424,96,9,0,0,26,33,253,41,25,968,0,709,10597
oliveira/04_11/randm08.02.02.06.020_0030.02.aba.beta,True,13,8,0.03480243682861328,0.5442957878112793,0.0009500980377197266,0.5800483226776123,123,13,0,0,23,45,220,47,33,1264,0,777,11074
oliveira/04_11/randm08.02.02.06.020_0030.03.aba.beta,True,12,8,0.020769357681274414,0.14163517951965332,0.0010585784912109375,0.16346311569213867,127,12,0,0,16,14,343,42,3,1390,0,790,11500
oliveira/04_11/randm08.02.02.06.020_0030.04.aba.beta,True,8,8,0.017453670501708984,0.20179057121276855,0.0008196830749511719,0.2200639247894287,77,8,0,0,29,29,135,43,22,523,0,656,9672
oliveira/04_11/randm08.02.02.06.020_0030.05.aba.beta,True,20,8,0.055409908294677734,0.5802068710327148,0.0011241436004638672,0.6367409229278564,126,20,0,0,23,77,188,54,58,1048,0,926,12897
oliveira/04_11/randm08.02.02.07.020_0030.01.aba.beta,True,1,1,0.0004825592041015625,0.0011396408081054688,0.0006775856018066406,0.002299785614013672,3,1,0,0,0,1,3,3,1,2,0,536,8587
oliveira/04_11/randm08.02.02.07.020_0030.02.aba.beta,True,1,1,0.003928661346435547,0.0013134479522705078,0.0007185935974121094,0.005960702896118164,3,1,0,0,0,1,3,3,1,2,0,524,8514
oliveira/04_11/randm08.02.02.07.020_0030.03.aba.beta,True,1,1,0.014665603637695312,0.0011124610900878906,0.0007338523864746094,0.016511917114257812,3,1,0,0,0,1,3,3,1,2,0,519,8504
oliveira/04_11/randm08.02.02.07.020_0030.04.aba.beta,True,1,1,0.0004665851593017578,0.0012302398681640625,0.0007002353668212891,0.0023970603942871094,3,1,0,0,0,1,3,3,1,2,0,539,8604
oliveira/04_11/randm08.02.02.07.020_0030.05.aba.beta,True,1,1,0.0004825592041015625,0.0011470317840576172,0.0008094310760498047,0.0024390220642089844,3,1,0,0,0,1,3,3,1,2,0,530,8566
oliveira/04_11/randm08.02.02.08.020_0030.01.aba.beta,True,12,6,0.1282804012298584,2.249821662902832,0.0010960102081298828,2.3791980743408203,157,12,0,0,26,134,369,62,123,1427,0,821,11860
oliveira/04_11/randm08.02.02.08.020_0030.02.aba.beta,True,11,6,0.020568132400512695,0.20277738571166992,0.0013451576232910156,0.22469067573547363,100,11,0,0,8,26,316,43,16,990,0,1016,15391
oliveira/04_11/randm08.02.02.08.020_0030.03.aba.beta,True,11,6,0.01888298988342285,0.1942887306213379,0.0012595653533935547,0.2144312858581543,95,11,0,0,8,34,344,35,24,997,0,937,14189
oliveira/04_11/randm08.02.02.08.020_0030.04.aba.beta,True,9,6,0.04737138748168945,0.6222677230834961,0.0009281635284423828,0.6705672740936279,112,9,0,0,17,79,294,47,71,918,0,719,10506
oliveira/04_11/randm08.02.02.08.020_0030.05.aba.beta,True,8,6,0.034937143325805664,0.46444106101989746,0.0010826587677001953,0.5004608631134033,94,8,0,0,9,62,303,41,55,799,0,788,11831
oliveira/04_11/randm08.02.02.09.020_0030.01.aba.beta,True,7,7,0.013540267944335938,0.03685140609741211,0.0010089874267578125,0.05140066146850586,54,7,0,0,18,9,96,32,3,318,0,762,11552
oliveira/04_11/randm08.02.02.09.020_0030.02.aba.beta,True,12,7,0.021192073822021484,0.22962617874145508,0.0019865036010742188,0.2528047561645508,95,12,0,0,20,23,280,44,12,876,0,1174,17829
oliveira/04_11/randm08.02.02.09.020_0030.03.aba.beta,True,10,7,0.035105228424072266,0.41872334480285645,0.0012459754943847656,0.4550745487213135,110,10,0,0,25,54,166,44,45,760,0,931,13992
oliveira/04_11/randm08.02.02.09.020_0030.04.aba.beta,True,14,7,0.02603602409362793,0.20765972137451172,0.001589059829711914,0.23528480529785156,108,14,0,0,14,22,400,38,9,1041,0,1124,16488
oliveira/04_11/randm08.02.02.09.020_0030.05.aba.beta,True,8,7,0.016089916229248047,0.16921496391296387,0.0009744167327880859,0.186279296875,64,8,0,0,21,31,63,40,24,321,0,744,11344
oliveira/04_11/randm08.02.02.10.020_0030.01.aba.beta,True,20,7,0.042958974838256836,0.5291287899017334,0.0015370845794677734,0.573624849319458,147,20,0,0,15,34,405,49,15,1508,0,1251,17748
oliveira/04_11/randm08.02.02.10.020_0030.02.aba.beta,True,17,7,0.08529305458068848,1.2056593894958496,0.0028629302978515625,1.2938153743743896,231,17,0,0,37,58,696,65,42,2874,0,2019,30969
oliveira/04_11/randm08.02.02.10.020_0030.03.aba.beta,True,17,7,0.07555627822875977,0.9831740856170654,0.0014455318450927734,1.060175895690918,174,17,0,0,17,83,517,53,67,2031,0,1134,16273
oliveira/04_11/randm08.02.02.10.020_0030.04.aba.beta,True,14,7,0.03317523002624512,0.3519289493560791,0.0025069713592529297,0.38761115074157715,128,14,0,0,13,37,557,46,24,1306,0,1783,27134
oliveira/04_11/randm08.02.02.10.020_0030.05.aba.beta,True,14,7,0.048772573471069336,0.632472038269043,0.002730846405029297,0.6839754581451416,148,14,0,0,17,35,709,43,22,1779,0,1761,27545
oliveira/04_11/randm08.02.02.11.020_0030.01.aba.beta,True,25,8,0.4361577033996582,4.41143012046814,0.002002716064453125,4.849590539932251,236,25,0,0,35,367,383,67,343,2293,0,1556,21991
oliveira/04_11/randm08.02.02.11.020_0030.02.aba.beta,True,26,8,0.07610893249511719,0.46746277809143066,0.003838062286376953,0.5474097728729248,148,26,0,0,11,41,226,49,16,1251,0,2773,42511
oliveira/04_11/randm08.02.02.11.020_0030.03.aba.beta,True,13,8,0.02820754051208496,0.31089258193969727,0.0012176036834716797,0.3403177261352539,92,13,0,0,15,43,171,45,31,690,0,926,13767
oliveira/04_11/randm08.02.02.11.020_0030.04.aba.beta,True,14,8,0.026646852493286133,0.180128812789917,0.0016162395477294922,0.20839190483093262,110,14,0,0,28,22,167,50,9,943,0,1289,18925
oliveira/04_11/randm08.02.02.11.020_0030.05.aba.beta,True,11,8,0.040129661560058594,0.5111730098724365,0.001257181167602539,0.5525598526000977,102,11,0,0,29,56,178,48,46,737,0,974,14435
oliveira/04_11/randm08.02.02.12.020_0030.01.aba.beta,True,6,5,0.007181406021118164,0.04899168014526367,0.000982522964477539,0.057155609130859375,49,6,0,0,6,8,220,20,3,440,0,735,11397
oliveira/04_11/randm08.02.02.12.020_0030.02.aba.beta,True,4,5,0.004922389984130859,0.027721405029296875,0.001089334487915039,0.03373312950134277,37,4,0,0,9,7,114,24,4,248,0,816,12877
oliveira/04_11/randm08.02.02.12.020_0030.03.aba.beta,True,6,5,0.006989002227783203,0.05365133285522461,0.0013384819030761719,0.061978816986083984,44,6,0,0,5,7,225,20,2,446,0,1025,15801
oliveira/04_11/randm08.02.02.12.020_0030.04.aba.beta,True,9,5,0.010639667510986328,0.06443476676940918,0.0009961128234863281,0.07607054710388184,54,9,0,0,5,10,294,20,2,587,0,785,11712
oliveira/04_11/randm08.02.02.12.020_0030.05.aba.beta,True,4,5,0.007503986358642578,0.015656709671020508,0.0007774829864501953,0.02393817901611328,33,4,0,0,7,4,119,19,1,277,0,589,9117
oliveira/04_11/randm08.02.02.13.020_0030.01.aba.beta,True,16,8,0.09570503234863281,1.3295817375183105,0.0017247200012207031,1.427011489868164,167,16,0,0,36,59,561,59,44,1765,0,1258,18589
oliveira/04_11/randm08.02.02.13.020_0030.02.aba.beta,True,27,8,0.12557625770568848,2.0357015132904053,0.003194093704223633,2.1644718647003174,274,27,0,0,18,68,1064,59,42,3593,0,2406,35656
oliveira/04_11/randm08.02.02.13.020_0030.03.aba.beta,True,15,8,0.034711599349975586,0.2955033779144287,0.0017795562744140625,0.33199453353881836,117,15,0,0,20,31,367,45,17,1089,0,1380,20554
oliveira/04_11/randm08.02.02.13.020_0030.04.aba.beta,True,15,8,0.10411834716796875,1.401033639907837,0.0016312599182128906,1.5067832469940186,173,15,0,0,44,60,593,63,46,1655,0,1216,18012
oliveira/04_11/randm08.02.02.13.020_0030.05.aba.beta,True,19,8,0.2164604663848877,4.543424844741821,0.002162933349609375,4.762048244476318,239,19,0,0,41,120,1002,63,102,2724,0,1590,23850
oliveira/04_11/randm08.02.02.14.020_0030.01.aba.beta,True,12,6,0.025890111923217773,0.3015437126159668,0.0015935897827148438,0.3290274143218994,110,12,0,0,13,14,593,33,3,1259,0,1193,18004
oliveira/04_11/randm08.02.02.14.020_0030.02.aba.beta,True,10,6,0.01868414878845215,0.22647976875305176,0.00138092041015625,0.24654483795166016,100,10,0,0,19,15,481,38,6,1123,0,1030,15766
oliveira/04_11/randm08.02.02.14.020_0030.03.aba.beta,True,10,6,0.019956111907958984,0.27530908584594727,0.001046895980834961,0.2963120937347412,95,10,0,0,19,19,363,37,10,1063,0,820,12249
oliveira/04_11/randm08.02.02.14.020_0030.04.aba.beta,True,13,6,0.024885177612304688,0.2760341167449951,0.002671480178833008,0.3035907745361328,110,13,0,0,16,21,487,39,9,1202,0,2034,32333
oliveira/04_11/randm08.02.02.14.020_0030.05.aba.beta,True,10,6,0.01712799072265625,0.15221142768859863,0.0010676383972167969,0.17040705680847168,109,10,0,0,18,14,408,34,5,1101,0,858,12525
oliveira/04_11/randm08.02.02.15.020_0030.01.aba.beta,True,6,5,0.012271881103515625,0.15095043182373047,0.0009582042694091797,0.16418051719665527,81,6,0,0,19,11,419,29,6,914,0,728,11152
oliveira/04_11/randm08.02.02.15.020_0030.02.aba.beta,True,8,5,0.010251522064208984,0.07960987091064453,0.0011417865753173828,0.0910031795501709,77,8,0,0,11,10,279,24,3,739,0,889,13610
oliveira/04_11/randm08.02.02.15.020_0030.03.aba.beta,True,7,5,0.011432647705078125,0.04688549041748047,0.0011341571807861328,0.05945229530334473,59,7,0,0,10,9,223,24,3,514,0,891,13610
oliveira/04_11/randm08.02.02.15.020_0030.04.aba.beta,True,3,5,0.004555940628051758,0.03412604331970215,0.000835418701171875,0.03951740264892578,52,3,0,0,17,7,267,25,5,456,0,619,9814
oliveira/04_11/randm08.02.02.15.020_0030.05.aba.beta,True,11,5,0.01358652114868164,0.13710474967956543,0.0018696784973144531,0.15256094932556152,85,11,0,0,12,12,436,27,2,901,0,1403,21588
oliveira/04_11/randm08.02.02.16.020_0030.01.aba.beta,True,6,5,0.006581306457519531,0.030447721481323242,0.0008599758148193359,0.03788900375366211,41,6,0,0,8,8,59,23,3,239,0,668,10143
oliveira/04_11/randm08.02.02.16.020_0030.02.aba.beta,True,7,5,0.014862298965454102,0.0898442268371582,0.0010004043579101562,0.10570693016052246,64,7,0,0,7,9,351,22,3,727,0,667,10182
oliveira/04_11/randm08.02.02.16.020_0030.03.aba.beta,True,7,5,0.008327245712280273,0.08045434951782227,0.0013377666473388672,0.0901193618774414,52,7,0,0,12,11,114,33,5,414,0,1011,15609
oliveira/04_11/randm08.02.02.16.020_0030.04.aba.beta,True,4,5,0.007426738739013672,0.07167220115661621,0.0007979869842529297,0.07989692687988281,46,4,0,0,7,16,94,26,13,260,0,592,9167
oliveira/04_11/randm08.02.02.16.020_0030.05.aba.beta,True,3,5,0.008704185485839844,0.0764627456665039,0.000843048095703125,0.08600997924804688,49,3,0,0,5,15,172,26,13,383,0,619,9762
oliveira/04_11/randm08.02.02.17.020_0030.01.aba.beta,True,7,6,0.009020566940307617,0.055642127990722656,0.0007617473602294922,0.06542444229125977,44,7,0,0,11,16,40,28,10,201,0,584,8783
oliveira/04_11/randm08.02.02.17.020_0030.02.aba.beta,True,11,6,0.013679742813110352,0.0988154411315918,0.0012471675872802734,0.11374235153198242,69,11,0,0,16,17,160,34,7,667,0,969,14769
oliveira/04_11/randm08.02.02.17.020_0030.03.aba.beta,True,8,6,0.01347661018371582,0.06927871704101562,0.0008711814880371094,0.08362650871276855,60,8,0,0,17,14,110,31,7,423,0,675,10189
oliveira/04_11/randm08.02.02.17.020_0030.04.aba.beta,True,4,6,0.0057790279388427734,0.03956747055053711,0.0007042884826660156,0.0460507869720459,39,4,0,0,21,12,39,29,9,160,0,553,8648
oliveira/04_11/randm08.02.02.17.020_0030.05.aba.beta,True,9,6,0.009814023971557617,0.052069902420043945,0.0007772445678710938,0.06266117095947266,46,9,0,0,16,14,54,30,6,305,0,624,9451
oliveira/04_11/randm08.02.02.18.020_0030.01.aba.beta,True,7,6,0.010586261749267578,0.05822014808654785,0.0008091926574707031,0.06961560249328613,55,7,0,0,16,13,152,30,7,418,0,609,9244
oliveira/04_11/randm08.02.02.18.020_0030.02.aba.beta,True,13,6,0.022496938705444336,0.26962900161743164,0.002015829086303711,0.2941417694091797,81,13,0,0,13,25,370,38,13,879,0,1477,22785
oliveira/04_11/randm08.02.02.18.020_0030.03.aba.beta,True,8,6,0.011110305786132812,0.10286355018615723,0.0015921592712402344,0.11556601524353027,62,8,0,0,16,14,193,32,7,471,0,1231,19035
oliveira/04_11/randm08.02.02.18.020_0030.04.aba.beta,True,11,6,0.07646369934082031,1.5345916748046875,0.0013675689697265625,1.6124229431152344,134,11,0,0,21,90,486,44,80,1374,0,1023,15426
oliveira/04_11/randm08.02.02.18.020_0030.05.aba.beta,True,11,6,0.02512073516845703,0.29790639877319336,0.0016245841979980469,0.32465171813964844,105,11,0,0,17,29,470,39,19,1175,0,1253,19203
oliveira/04_11/randm08.02.02.19.020_0030.01.aba.beta,True,10,8,0.02196526527404785,0.08197903633117676,0.00101470947265625,0.10495901107788086,67,10,0,0,21,14,93,36,5,470,0,798,11707
oliveira/04_11/randm08.02.02.19.020_0030.02.aba.beta,True,12,8,0.035901546478271484,0.5958566665649414,0.0010573863983154297,0.6328155994415283,125,12,0,0,29,51,291,45,40,1267,0,787,11783
oliveira/04_11/randm08.02.02.19.020_0030.03.aba.beta,True,13,8,0.022072792053222656,0.10992074012756348,0.0009737014770507812,0.13296723365783691,78,13,0,0,20,17,128,43,5,629,0,784,11225
oliveira/04_11/randm08.02.02.19.020_0030.04.aba.beta,True,13,8,0.023932218551635742,0.11001372337341309,0.0009675025939941406,0.13491344451904297,73,13,0,0,16,19,93,44,7,586,0,762,11110
oliveira/04_11/randm08.02.02.19.020_0030.05.aba.beta,True,13,8,0.04089951515197754,0.5240306854248047,0.001603841781616211,0.5665340423583984,108,13,0,0,35,48,263,58,36,887,0,1243,18435
oliveira/04_11/randm09.02.02.01.020_0030.01.aba.beta,True,12,9,0.049957275390625,0.6933434009552002,0.0010852813720703125,0.7443859577178955,135,12,0,0,29,55,342,50,44,1289,0,803,11833
oliveira/04_11/randm09.02.02.01.020_0030.02.aba.beta,True,7,7,0.017802000045776367,0.12389588356018066,0.0008907318115234375,0.14258861541748047,65,7,0,0,18,16,160,36,10,540,0,687,10429
oliveira/04_11/randm09.02.02.01.020_0030.03.aba.beta,True,18,9,0.23724985122680664,3.941173553466797,0.002100706100463867,4.180524110794067,197,18,0,0,28,119,630,56,102,1975,0,1502,22325
oliveira/04_11/randm09.02.02.01.020_0030.04.aba.beta,True,18,9,0.2501211166381836,4.27842903137207,0.002080202102661133,4.530630350112915,218,18,0,0,42,197,624,70,180,2251,0,1555,22992
oliveira/04_11/randm09.02.02.01.020_0030.05.aba.beta,True,15,9,0.244981050491333,4.369982004165649,0.0024394989013671875,4.61740255355835,199,15,0,0,37,220,479,66,206,1852,0,1740,26433
oliveira/04_11/randm09.02.02.02.020_0030.01.aba.beta,True,26,8,0.10465693473815918,1.5484991073608398,0.0028395652770996094,1.6559956073760986,181,26,0,0,37,108,265,71,83,1610,0,2084,30460
oliveira/04_11/randm09.02.02.02.020_0030.02.aba.beta,True,18,7,0.0416262149810791,0.2744123935699463,0.0015375614166259766,0.31757616996765137,146,18,0,0,28,24,322,54,7,1395,0,1189,17274
oliveira/04_11/randm09.02.02.02.020_0030.03.aba.beta,True,21,8,0.045037269592285156,0.3158910274505615,0.0032172203063964844,0.36414551734924316,126,21,0,0,21,25,360,53,5,1246,0,2529,38347
oliveira/04_11/randm09.02.02.02.020_0030.04.aba.beta,True,20,8,0.26224517822265625,4.054850101470947,0.003129720687866211,4.32022500038147,214,20,0,0,35,247,339,63,228,1874,0,2292,35409
oliveira/04_11/randm09.02.02.02.020_0030.05.aba.beta,True,22,7,0.07957243919372559,1.0653133392333984,0.0023708343505859375,1.14725661277771,168,22,0,0,22,63,396,56,42,1678,0,1835,26996
oliveira/04_11/randm09.02.02.03.020_0030.01.aba.beta,True,19,8,0.05740475654602051,0.885178804397583,0.002100706100463867,0.9446842670440674,149,19,0,0,20,27,654,43,9,1874,0,1558,23148
oliveira/04_11/randm09.02.02.03.020_0030.02.aba.beta,True,11,8,0.027051925659179688,0.26274752616882324,0.001375436782836914,0.29117488861083984,115,11,0,0,22,30,474,46,20,1264,0,1042,16038
oliveira/04_11/randm09.02.02.03.020_0030.03.aba.beta,True,16,8,0.0643002986907959,0.9569690227508545,0.001089334487915039,1.0223586559295654,170,16,0,0,32,54,305,57,39,1966,0,854,12151
oliveira/04_11/randm09.02.02.03.020_0030.04.aba.beta,True,13,8,0.01847696304321289,0.1307511329650879,0.0014896392822265625,0.15071773529052734,97,13,0,0,15,14,290,38,2,1136,0,1155,17149
oliveira/04_11/randm09.02.02.03.020_0030.05.aba.beta,True,12,8,0.033033132553100586,0.34697580337524414,0.0013082027435302734,0.381317138671875,135,12,0,0,25,32,521,46,21,1516,0,1011,15011
oliveira/04_11/randm09.02.02.04.020_0030.01.aba.beta,True,13,7,0.03488612174987793,0.6418046951293945,0.0012509822845458984,0.6779417991638184,112,13,0,0,24,40,380,48,28,1062,0,976,14258
oliveira/04_11/randm09.02.02.04.020_0030.02.aba.beta,True,12,7,0.021348953247070312,0.07355880737304688,0.0012309551239013672,0.09613871574401855,79,12,0,0,10,12,327,31,1,818,0,945,14022
oliveira/04_11/randm09.02.02.04.020_0030.03.aba.beta,True,8,7,0.01028132438659668,0.049176931381225586,0.000990152359008789,0.060448408126831055,52,8,0,0,18,10,89,35,3,328,0,754,11333
oliveira/04_11/randm09.02.02.04.020_0030.04.aba.beta,True,7,7,0.0077838897705078125,0.0262908935546875,0.0008757114410400391,0.03495049476623535,44,7,0,0,13,7,88,28,1,264,0,658,9876
oliveira/04_11/randm09.02.02.04.020_0030.05.aba.beta,True,14,7,0.026661396026611328,0.23777318000793457,0.0012302398681640625,0.26566481590270996,78,14,0,0,25,37,111,49,24,551,0,982,14353
oliveira/04_11/randm09.02.02.05.020_0030.01.aba.beta,True,18,8,0.03309321403503418,0.28228020668029785,0.001331329345703125,0.31670475006103516,108,18,0,0,22,25,268,50,8,967,0,1066,15246
oliveira/04_11/randm09.02.02.05.020_0030.02.aba.beta,True,15,8,0.027094364166259766,0.22597074508666992,0.0008761882781982422,0.25394129753112793,95,15,0,0,17,36,100,39,22,805,0,722,9896
oliveira/04_11/randm09.02.02.05.020_0030.03.aba.beta,True,22,8,0.07622814178466797,1.1321425437927246,0.001544952392578125,1.2099156379699707,188,22,0,0,24,76,456,52,55,1954,0,1231,17344
oliveira/04_11/randm09.02.02.05.020_0030.04.aba.beta,True,16,8,0.047956228256225586,0.5745193958282471,0.0016140937805175781,0.6240897178649902,134,16,0,0,39,54,298,61,39,1136,0,1217,17950
oliveira/04_11/randm09.02.02.05.020_0030.05.aba.beta,True,12,8,0.02381587028503418,0.22183918952941895,0.001430511474609375,0.2470855712890625,123,12,0,0,28,24,353,46,13,1321,0,1103,16711
oliveira/04_11/randm09.02.02.06.020_0030.01.aba.beta,True,17,9,0.05526256561279297,1.0268659591674805,0.0016090869903564453,1.0837376117706299,219,17,0,0,27,52,548,55,36,2869,0,1229,18002
oliveira/04_11/randm09.02.02.06.020_0030.02.aba.beta,True,22,9,0.30008816719055176,4.006871461868286,0.0012867450714111328,4.308246374130249,203,22,0,0,41,192,415,62,171,1985,0,1011,13802
oliveira/04_11/randm09.02.02.06.020_0030.03.aba.beta,True,21,9,0.08166933059692383,1.039207935333252,0.0015921592712402344,1.122469425201416,179,21,0,0,41,60,388,62,40,2100,0,1218,17773
oliveira/04_11/randm09.02.02.06.020_0030.04.aba.beta,True,13,9,0.23236370086669922,2.5300495624542236,0.0012924671173095703,2.7637057304382324,174,13,0,0,44,209,231,69,197,1311,0,964,13912
oliveira/04_11/randm09.02.02.06.020_0030.05.aba.beta,True,16,9,0.04811835289001465,0.6730432510375977,0.0015368461608886719,0.722698450088501,134,16,0,0,30,45,362,51,30,1210,0,1120,16347
oliveira/04_11/randm09.02.02.07.020_0030.01.aba.beta,True,1,1,0.0005671977996826172,0.0012352466583251953,0.0007078647613525391,0.0025103092193603516,3,1,0,0,0,1,3,3,1,2,0,511,8445
oliveira/04_11/randm09.02.02.07.020_0030.02.aba.beta,True,1,1,0.00048422813415527344,0.0011696815490722656,0.00067138671875,0.002325296401977539,3,1,0,0,0,1,3,3,1,2,0,530,8553
oliveira/04_11/randm09.02.02.07.020_0030.03.aba.beta,True,1,1,0.0005056858062744141,0.0011904239654541016,0.0007154941558837891,0.0024116039276123047,3,1,0,0,0,1,3,3,1,2,0,533,8573
oliveira/04_11/randm09.02.02.07.020_0030.04.aba.beta,True,1,1,0.0004951953887939453,0.0011606216430664062,0.0007023811340332031,0.0023581981658935547,3,1,0,0,0,1,3,3,1,2,0,527,8550
oliveira/04_11/randm09.02.02.07.020_0030.05.aba.beta,True,1,1,0.0004925727844238281,0.0011620521545410156,0.0007076263427734375,0.0023622512817382812,3,1,0,0,0,1,3,3,1,2,0,536,8586
oliveira/04_11/randm09.02.02.08.020_0030.01.aba.beta,True,8,6,0.012445926666259766,0.03485918045043945,0.0009441375732421875,0.048249244689941406,41,8,0,0,10,10,42,23,3,186,0,683,10431
oliveira/04_11/randm09.02.02.08.020_0030.02.aba.beta,True,6,6,0.00657343864440918,0.029053449630737305,0.0008466243743896484,0.03647351264953613,47,6,0,0,14,7,105,30,2,280,0,614,9331
oliveira/04_11/randm09.02.02.08.020_0030.03.aba.beta,True,7,6,0.011019229888916016,0.046621084213256836,0.000946044921875,0.05858635902404785,52,7,0,0,12,11,148,30,5,385,0,718,10916
oliveira/04_11/randm09.02.02.08.020_0030.04.aba.beta,True,6,6,0.005866050720214844,0.017737627029418945,0.002770662307739258,0.026374340057373047,34,6,0,0,12,6,33,26,1,125,0,2055,32688
oliveira/04_11/randm09.02.02.08.020_0030.05.aba.beta,True,5,6,0.004500865936279297,0.013205766677856445,0.0015692710876464844,0.019275903701782227,31,5,0,0,11,5,36,24,1,121,0,1165,18489
oliveira/04_11/randm09.02.02.09.020_0030.01.aba.beta,True,19,9,0.06831645965576172,1.032799482345581,0.00202178955078125,1.103137731552124,165,19,0,0,30,54,565,58,36,1633,0,1506,22875
oliveira/04_11/randm09.02.02.09.020_0030.02.aba.beta,True,13,9,0.1788332462310791,2.2641661167144775,0.0010156631469726562,2.4440150260925293,162,13,0,0,52,152,254,66,140,1421,0,803,11508
oliveira/04_11/randm09.02.02.09.020_0030.03.aba.beta,True,10,9,0.02290964126586914,0.15542268753051758,0.0007770061492919922,0.1791093349456787,84,10,0,0,27,29,139,43,20,589,0,650,9406
oliveira/04_11/randm09.02.02.09.020_0030.04.aba.beta,True,13,9,0.023040771484375,0.19991517066955566,0.0012867450714111328,0.2242426872253418,90,13,0,0,26,27,199,47,15,716,0,1030,15110
oliveira/04_11/randm09.02.02.09.020_0030.05.aba.beta,True,13,9,0.036313533782958984,0.3459608554840088,0.0015492439270019531,0.3838236331939697,123,13,0,0,28,45,366,54,33,1084,0,1178,17519
oliveira/04_11/randm09.02.02.10.020_0030.01.aba.beta,True,9,6,0.01540827751159668,0.06715512275695801,0.0011544227600097656,0.08371782302856445,69,9,0,0,18,14,250,34,6,636,0,847,12816
oliveira/04_11/randm09.02.02.10.020_0030.02.aba.beta,True,8,6,0.011750221252441406,0.05301237106323242,0.000843048095703125,0.06560564041137695,61,8,0,0,9,10,129,25,3,563,0,675,10186
oliveira/04_11/randm09.02.02.10.020_0030.03.aba.beta,True,7,6,0.00860738754272461,0.05630087852478027,0.0009856224060058594,0.06589388847351074,60,7,0,0,15,11,92,29,5,391,0,739,11128
oliveira/04_11/randm09.02.02.10.020_0030.04.aba.beta,True,6,6,0.00933694839477539,0.03273940086364746,0.0007750988006591797,0.04285144805908203,44,6,0,0,10,8,66,25,3,270,0,592,8929
oliveira/04_11/randm09.02.02.10.020_0030.05.aba.beta,True,6,6,0.008166313171386719,0.061037302017211914,0.0007824897766113281,0.06998610496520996,52,6,0,0,16,13,89,32,8,317,0,600,8969
oliveira/04_11/randm09.02.02.11.020_0030.01.aba.beta,True,10,8,0.050140380859375,0.840651273727417,0.0010974407196044922,0.8918890953063965,135,10,0,0,41,61,341,60,52,1252,0,824,12266
oliveira/04_11/randm09.02.02.11.020_0030.02.aba.beta,True,14,8,0.04348587989807129,0.5199556350708008,0.0009815692901611328,0.5644230842590332,124,14,0,0,33,53,202,55,40,1033,0,796,11489
oliveira/04_11/randm09.02.02.11.020_0030.03.aba.beta,True,8,8,0.010886192321777344,0.05422043800354004,0.0008802413940429688,0.06598687171936035,61,8,0,0,23,13,115,38,6,426,0,677,10147
oliveira/04_11/randm09.02.02.11.020_0030.04.aba.beta,True,12,8,0.03457331657409668,0.3457224369049072,0.0008938312530517578,0.38118958473205566,108,12,0,0,30,39,188,51,28,910,0,727,10410
oliveira/04_11/randm09.02.02.11.020_0030.05.aba.beta,True,15,8,0.05830574035644531,0.19278717041015625,0.0011341571807861328,0.2522270679473877,128,15,0,0,22,21,361,45,7,1472,0,903,13176
oliveira/04_11/randm09.02.02.12.020_0030.01.aba.beta,True,7,8,0.014714717864990234,0.128875732421875,0.00077056884765625,0.14436101913452148,66,7,0,0,31,27,78,40,21,411,0,605,9052
oliveira/04_11/randm09.02.02.12.020_0030.02.aba.beta,True,16,8,0.023688554763793945,0.15032100677490234,0.0013620853424072266,0.17537164688110352,94,16,0,0,21,22,278,46,7,797,0,1104,16138
oliveira/04_11/randm09.02.02.12.020_0030.03.aba.beta,True,16,8,0.030806779861450195,0.23720192909240723,0.0010867118835449219,0.26909542083740234,118,16,0,0,18,27,282,43,12,1098,0,909,12808
oliveira/04_11/randm09.02.02.12.020_0030.04.aba.beta,True,12,8,0.028252124786376953,0.3978590965270996,0.0011277198791503906,0.42723894119262695,89,12,0,0,34,41,176,50,30,643,0,860,12690
oliveira/04_11/randm09.02.02.12.020_0030.05.aba.beta,True,16,8,0.03865170478820801,0.40782833099365234,0.0014393329620361328,0.4479193687438965,158,16,0,0,31,30,429,48,15,1636,0,1102,15753
oliveira/04_11/randm09.02.02.13.020_0030.01.aba.beta,True,13,8,0.04587364196777344,0.4132876396179199,0.0015909671783447266,0.4607522487640381,89,13,0,0,32,52,142,54,40,705,0,1164,17720
oliveira/04_11/randm09.02.02.13.020_0030.02.aba.beta,True,16,8,0.05573463439941406,0.8296780586242676,0.0016438961029052734,0.8870565891265869,157,16,0,0,29,49,429,55,34,1736,0,1160,16829
oliveira/04_11/randm09.02.02.13.020_0030.03.aba.beta,True,21,8,0.6430199146270752,9.58816385269165,0.002025604248046875,10.233209371566772,321,21,0,0,45,388,567,85,368,3380,0,1445,21058
oliveira/04_11/randm09.02.02.13.020_0030.04.aba.beta,True,15,8,0.03771638870239258,0.3771178722381592,0.001443624496459961,0.4162778854370117,126,15,0,0,21,43,257,58,29,1206,0,1099,16119
oliveira/04_11/randm09.02.02.13.020_0030.05.aba.beta,True,20,8,0.05778694152832031,0.7128901481628418,0.0023415088653564453,0.7730185985565186,173,20,0,0,27,59,572,56,40,1831,0,1722,25540
oliveira/04_11/randm09.02.02.14.020_0030.01.aba.beta,True,5,6,0.009894132614135742,0.020344018936157227,0.0008518695831298828,0.03109002113342285,33,5,0,0,7,5,70,23,1,217,0,632,9768
oliveira/04_11/randm09.02.02.14.020_0030.02.aba.beta,True,9,6,0.012496709823608398,0.09565997123718262,0.0009686946868896484,0.10912537574768066,89,9,0,0,9,9,343,31,1,1072,0,771,11377
oliveira/04_11/randm09.02.02.14.020_0030.03.aba.beta,True,4,6,0.010053396224975586,0.048270463943481445,0.0007290840148925781,0.05905294418334961,43,4,0,0,12,12,52,28,9,197,0,561,8693
oliveira/04_11/randm09.02.02.14.020_0030.04.aba.beta,True,7,6,0.008877038955688477,0.047860145568847656,0.0012192726135253906,0.05795645713806152,59,7,0,0,6,7,295,28,1,602,0,944,14630
oliveira/04_11/randm09.02.02.14.020_0030.05.aba.beta,True,8,6,0.011628389358520508,0.08076286315917969,0.0010051727294921875,0.09339642524719238,55,8,0,0,11,13,136,32,6,437,0,786,11881
oliveira/04_11/randm09.02.02.15.020_0030.01.aba.beta,True,11,8,0.022298574447631836,0.1575453281402588,0.00165557861328125,0.18149948120117188,86,11,0,0,19,16,277,42,6,739,0,1292,19677
oliveira/04_11/randm09.02.02.15.020_0030.02.aba.beta,True,7,8,0.01681232452392578,0.09887933731079102,0.0008051395416259766,0.11649680137634277,71,7,0,0,18,16,134,39,10,591,0,649,9652
oliveira/04_11/randm09.02.02.15.020_0030.03.aba.beta,True,12,8,0.01782059669494629,0.10247015953063965,0.000850677490234375,0.12114143371582031,81,12,0,0,23,17,174,42,6,573,0,670,9857
oliveira/04_11/randm09.02.02.15.020_0030.04.aba.beta,True,16,8,0.032872676849365234,0.2284543514251709,0.0009913444519042969,0.26231837272644043,136,16,0,0,33,24,272,48,9,1326,0,820,11633
oliveira/04_11/randm09.02.02.15.020_0030.05.aba.beta,True,11,8,0.026426315307617188,0.16927313804626465,0.0015692710876464844,0.19726872444152832,116,11,0,0,23,26,252,41,16,912,0,1078,17046
oliveira/04_11/randm09.02.02.16.020_0030.01.aba.beta,True,7,6,0.009252071380615234,0.10504651069641113,0.001142263412475586,0.11544084548950195,64,7,0,0,11,12,190,34,6,560,0,866,13490
oliveira/04_11/randm09.02.02.16.020_0030.02.aba.beta,True,10,6,0.03209710121154785,0.5216405391693115,0.0013587474822998047,0.5550963878631592,103,10,0,0,27,39,345,51,30,908,0,1057,15910
oliveira/04_11/randm09.02.02.16.020_0030.03.aba.beta,True,7,6,0.009397506713867188,0.08277511596679688,0.0013651847839355469,0.09353780746459961,61,7,0,0,13,11,199,29,5,560,0,895,13948
oliveira/04_11/randm09.02.02.16.020_0030.04.aba.beta,True,3,6,0.004914760589599609,0.05170726776123047,0.0007231235504150391,0.05734515190124512,42,3,0,0,13,10,89,28,8,236,0,559,8749
oliveira/04_11/randm09.02.02.16.020_0030.05.aba.beta,True,6,6,0.009454965591430664,0.027808427810668945,0.0008733272552490234,0.03813672065734863,44,6,0,0,10,6,145,27,1,360,0,668,10157
oliveira/04_11/randm09.02.02.17.020_0030.01.aba.beta,True,16,9,0.04514789581298828,0.5624055862426758,0.002312898635864258,0.6098663806915283,164,16,0,0,32,37,491,55,22,2022,0,1654,25655
oliveira/04_11/randm09.02.02.17.020_0030.02.aba.beta,True,21,9,0.0624692440032959,0.8359408378601074,0.002068758010864258,0.9004788398742676,180,21,0,0,36,44,630,65,24,2053,0,1579,23341
oliveira/04_11/randm09.02.02.17.020_0030.03.aba.beta,True,10,9,0.020648717880249023,0.1648726463317871,0.0009768009185791016,0.18649816513061523,86,10,0,0,41,24,118,56,15,544,0,765,11308
oliveira/04_11/randm09.02.02.17.020_0030.04.aba.beta,True,14,9,0.07826614379882812,1.1039621829986572,0.0011703968048095703,1.183398723602295,161,14,0,0,34,92,361,54,79,1492,0,889,12790
oliveira/04_11/randm09.02.02.17.020_0030.05.aba.beta,True,19,9,0.05281853675842285,0.4777226448059082,0.002746105194091797,0.5332872867584229,152,19,0,0,34,34,455,59,16,1416,0,2109,32027
oliveira/04_11/randm09.02.02.18.020_0030.01.aba.beta,True,12,7,0.03734302520751953,0.5513193607330322,0.001165151596069336,0.5898275375366211,115,12,0,0,25,37,367,47,26,1149,0,876,12834
oliveira/04_11/randm09.02.02.18.020_0030.02.aba.beta,True,16,7,0.08658576011657715,1.386423110961914,0.0011179447174072266,1.4741268157958984,163,16,0,0,32,115,354,54,100,1464,0,851,12243
oliveira/04_11/randm09.02.02.18.020_0030.03.aba.beta,True,14,7,0.03489065170288086,0.5243923664093018,0.0016090869903564453,0.5608921051025391,140,14,0,0,23,39,455,47,26,1701,0,1203,18075
oliveira/04_11/randm09.02.02.18.020_0030.04.aba.beta,True,15,7,0.06290578842163086,0.7370402812957764,0.0018737316131591797,0.8018198013305664,173,15,0,0,29,38,582,49,24,2156,0,1327,19611
oliveira/04_11/randm09.02.02.18.020_0030.05.aba.beta,True,13,7,0.03623795509338379,0.27008557319641113,0.0015022754669189453,0.30782580375671387,139,13,0,0,28,19,541,44,7,1859,0,1084,16362
oliveira/04_11/randm09.02.02.19.020_0030.01.aba.beta,True,21,8,0.09419727325439453,0.7390041351318359,0.0021419525146484375,0.8353433609008789,176,21,0,0,25,75,389,66,55,1817,0,1652,24533
oliveira/04_11/randm09.02.02.19.020_0030.02.aba.beta,True,17,8,0.22558975219726562,2.728834867477417,0.0031404495239257812,2.9575650691986084,191,17,0,0,32,247,502,72,231,1713,0,2193,33760
oliveira/04_11/randm09.02.02.19.020_0030.03.aba.beta,True,9,8,0.021659374237060547,0.3310079574584961,0.0009031295776367188,0.35357046127319336,96,9,0,0,20,24,308,44,16,962,0,714,10485
oliveira/04_11/randm09.02.02.19.020_0030.04.aba.beta,True,13,8,0.15022778511047363,2.7919206619262695,0.0015285015106201172,2.9436769485473633,173,13,0,0,32,150,518,57,138,1722,0,1071,15943
oliveira/04_11/randm09.02.02.19.020_0030.05.aba.beta,True,17,8,0.044568538665771484,0.5303771495819092,0.0030357837677001953,0.5779814720153809,180,17,0,0,23,41,737,50,25,2124,0,2261,34683
oliveira/04_11/randm10.02.02.01.020_0030.01.aba.beta,True,8,6,0.010325193405151367,0.06583929061889648,0.0009913444519042969,0.07715582847595215,53,8,0,0,15,18,50,34,11,273,0,763,11462
oliveira/04_11/randm10.02.02.01.020_0030.02.aba.beta,True,8,6,0.011696100234985352,0.0880579948425293,0.0009431838989257812,0.10069727897644043,65,8,0,0,15,18,96,33,11,441,0,719,10823
oliveira/04_11/randm10.02.02.01.020_0030.03.aba.beta,True,5,6,0.006202220916748047,0.03593277931213379,0.0007731914520263672,0.0429081916809082,43,5,0,0,17,10,46,29,6,184,0,568,8715
oliveira/04_11/randm10.02.02.01.020_0030.04.aba.beta,True,8,6,0.011435985565185547,0.03862333297729492,0.0007984638214111328,0.0508577823638916,51,8,0,0,12,11,73,31,4,320,0,619,9065
oliveira/04_11/randm10.02.02.01.020_0030.05.aba.beta,True,7,6,0.007735013961791992,0.032914161682128906,0.0012085437774658203,0.04185771942138672,41,7,0,0,9,11,42,24,5,202,0,920,14322
oliveira/04_11/randm10.02.02.02.020_0030.01.aba.beta,True,18,9,0.041114091873168945,0.3852884769439697,0.0018012523651123047,0.428203821182251,148,18,0,0,32,28,376,59,11,1451,0,1256,18059
oliveira/04_11/randm10.02.02.02.020_0030.02.aba.beta,True,20,9,0.060439348220825195,0.8945558071136475,0.0021219253540039062,0.9571170806884766,185,20,0,0,35,56,499,65,37,1951,0,1655,24585
oliveira/04_11/randm10.02.02.02.020_0030.03.aba.beta,True,18,9,0.046936750411987305,0.49482131004333496,0.0016257762908935547,0.5433838367462158,134,18,0,0,26,36,380,52,19,1402,0,1273,18963
oliveira/04_11/randm10.02.02.02.020_0030.04.aba.beta,True,16,9,0.087005615234375,1.2248027324676514,0.001338958740234375,1.3131473064422607,171,16,0,0,41,72,541,58,57,1685,0,970,14240
oliveira/04_11/randm10.02.02.02.020_0030.05.aba.beta,True,20,9,0.19944405555725098,2.8710174560546875,0.001550912857055664,3.072012424468994,225,20,0,0,48,197,487,73,178,2219,0,1167,16375
oliveira/04_11/randm10.02.02.03.020_0030.01.aba.beta,True,14,8,0.035207509994506836,0.4190480709075928,0.0013246536254882812,0.4555802345275879,130,14,0,0,28,41,340,49,28,1302,0,1024,14890
oliveira/04_11/randm10.02.02.03.020_0030.02.aba.beta,True,11,8,0.0245208740234375,0.18298935890197754,0.0015649795532226562,0.2090752124786377,113,11,0,0,25,19,346,48,9,1067,0,1233,18387
oliveira/04_11/randm10.02.02.03.020_0030.03.aba.beta,True,14,8,0.05736136436462402,0.7831382751464844,0.0013315677642822266,0.8418312072753906,136,14,0,0,32,60,316,54,47,1353,0,989,14777
oliveira/04_11/randm10.02.02.03.020_0030.04.aba.beta,True,17,8,0.04908442497253418,0.5607798099517822,0.001369476318359375,0.6112337112426758,148,17,0,0,33,53,345,61,37,1352,0,1101,15670
oliveira/04_11/randm10.02.02.03.020_0030.05.aba.beta,True,24,8,0.05406975746154785,0.4386866092681885,0.0016055107116699219,0.49436187744140625,152,24,0,0,18,37,360,55,14,1528,0,1281,17978
oliveira/04_11/randm10.02.02.04.020_0030.01.aba.beta,True,4,5,0.004475116729736328,0.011649131774902344,0.0014028549194335938,0.017527103424072266,26,4,0,0,10,4,34,22,1,151,0,583,8932
oliveira/04_11/randm10.02.02.04.020_0030.02.aba.beta,True,5,5,0.00615382194519043,0.0344545841217041,0.0007648468017578125,0.041373252868652344,44,5,0,0,11,9,77,26,5,267,0,590,8904
oliveira/04_11/randm10.02.02.04.020_0030.03.aba.beta,True,7,5,0.011524200439453125,0.05346107482910156,0.0007712841033935547,0.06575655937194824,42,7,0,0,9,16,55,23,10,232,0,580,8971
oliveira/04_11/randm10.02.02.04.020_0030.04.aba.beta,True,4,5,0.003589153289794922,0.009130477905273438,0.000835418701171875,0.013555049896240234,21,4,0,0,6,4,18,15,1,76,0,554,8629
oliveira/04_11/randm10.02.02.04.020_0030.05.aba.beta,True,3,5,0.0031023025512695312,0.010300159454345703,0.0007402896881103516,0.014142751693725586,25,3,0,0,8,4,29,22,2,105,0,565,8735
oliveira/04_11/randm10.02.02.05.020_0030.01.aba.beta,True,12,8,0.0231783390045166,0.16396307945251465,0.0016694068908691406,0.1888108253479004,98,12,0,0,26,21,178,47,10,755,0,1283,20005
oliveira/04_11/randm10.02.02.05.020_0030.02.aba.beta,True,12,7,0.026393651962280273,0.23474717140197754,0.0018126964569091797,0.262953519821167,85,12,0,0,24,32,212,46,21,613,0,1400,21223
oliveira/04_11/randm10.02.02.05.020_0030.03.aba.beta,True,10,8,0.023467540740966797,0.21229052543640137,0.0014553070068359375,0.2372133731842041,89,10,0,0,32,16,352,50,7,813,0,1082,16456
oliveira/04_11/randm10.02.02.05.020_0030.04.aba.beta,True,13,8,0.02805161476135254,0.1084897518157959,0.0025992393493652344,0.13914060592651367,86,13,0,0,15,13,275,39,1,815,0,2031,31195
oliveira/04_11/randm10.02.02.05.020_0030.05.aba.beta,True,19,8,0.18272924423217773,4.273840427398682,0.004180908203125,4.460750579833984,252,19,0,0,40,146,605,70,128,2862,0,3117,48344
oliveira/04_11/randm10.02.02.06.020_0030.01.aba.beta,True,17,9,0.03586554527282715,0.17638158798217773,0.0012412071228027344,0.21348834037780762,126,17,0,0,29,22,244,54,6,1140,0,1011,14469
oliveira/04_11/randm10.02.02.06.020_0030.02.aba.beta,True,21,9,0.09007716178894043,1.420086145401001,0.001987934112548828,1.5121512413024902,213,21,0,0,45,70,483,69,50,2312,0,1497,21986
oliveira/04_11/randm10.02.02.06.020_0030.03.aba.beta,True,20,9,0.34479475021362305,6.127514362335205,0.0018703937530517578,6.47417950630188,282,20,0,0,43,219,645,68,200,3309,0,1363,19775
oliveira/04_11/randm10.02.02.06.020_0030.04.aba.beta,True,14,9,0.14108848571777344,2.2682723999023438,0.0010929107666015625,2.4104537963867188,186,14,0,0,43,138,322,60,125,2060,0,815,11858
oliveira/04_11/randm10.02.02.06.020_0030.05.aba.beta,True,22,9,0.20777511596679688,2.293818235397339,0.0019102096557617188,2.5035035610198975,237,22,0,0,50,174,514,72,153,2582,0,1422,20957
oliveira/04_11/randm10.02.02.07.020_0030.01.aba.beta,True,16,9,0.037932395935058594,0.37346601486206055,0.002044200897216797,0.41344261169433594,127,16,0,0,31,40,346,61,25,1217,0,1605,24368
oliveira/04_11/randm10.02.02.07.020_0030.02.aba.beta,True,20,9,0.3700141906738281,4.8826446533203125,0.0016961097717285156,5.254354953765869,232,20,0,0,48,272,523,64,253,2254,0,1252,18304
oliveira/04_11/randm10.02.02.07.020_0030.03.aba.beta,True,11,9,0.04462623596191406,0.725700855255127,0.0010635852813720703,0.7713906764984131,131,11,0,0,47,68,214,60,58,994,0,791,11620
oliveira/04_11/randm10.02.02.07.020_0030.04.aba.beta,True,26,9,0.17818331718444824,2.5805633068084717,0.002661466598510742,2.7614080905914307,308,26,0,0,40,92,690,73,67,3813,0,1990,28819
oliveira/04_11/randm10.02.02.07.020_0030.05.aba.beta,True,18,9,0.05005002021789551,0.5206115245819092,0.0014750957489013672,0.572136640548706,159,18,0,0,30,40,442,53,23,1705,0,1166,16840
oliveira/04_11/randm10.02.02.08.020_0030.01.aba.beta,True,18,9,0.038098812103271484,0.35620570182800293,0.001523733139038086,0.3958282470703125,163,18,0,0,27,34,327,50,17,1754,0,1189,17935
oliveira/04_11/randm10.02.02.08.020_0030.02.aba.beta,True,12,9,0.02671957015991211,0.12738966941833496,0.0009043216705322266,0.1550135612487793,84,12,0,0,21,21,175,37,10,657,0,686,9907
oliveira/04_11/randm10.02.02.08.020_0030.03.aba.beta,True,14,9,0.06400918960571289,0.6451253890991211,0.0009539127349853516,0.7100884914398193,120,14,0,0,36,74,129,51,61,843,0,705,9723
oliveira/04_11/randm10.02.02.08.020_0030.04.aba.beta,True,9,9,0.10210514068603516,1.2882115840911865,0.0008509159088134766,1.3911676406860352,128,9,0,0,33,121,202,57,113,906,0,625,9189
oliveira/04_11/randm10.02.02.08.020_0030.05.aba.beta,True,10,9,0.018805980682373047,0.16840815544128418,0.0008790493011474609,0.1880931854248047,111,10,0,0,20,18,312,39,9,1085,0,712,10506
oliveira/04_11/randm10.02.02.09.020_0030.01.aba.beta,True,12,7,0.04197382926940918,0.5165719985961914,0.001184701919555664,0.5597305297851562,115,12,0,0,19,53,217,46,42,858,0,878,13112
oliveira/04_11/randm10.02.02.09.020_0030.02.aba.beta,True,8,7,0.016463756561279297,0.23443269729614258,0.0008139610290527344,0.2517104148864746,78,8,0,0,20,21,334,37,14,716,0,654,9854
oliveira/04_11/randm10.02.02.09.020_0030.03.aba.beta,True,15,7,0.027687788009643555,0.16221976280212402,0.0011196136474609375,0.19102716445922852,108,15,0,0,18,18,287,42,4,1108,0,868,12620
oliveira/04_11/randm10.02.02.09.020_0030.04.aba.beta,True,16,7,0.045714378356933594,0.6447193622589111,0.0010218620300292969,0.691455602645874,147,16,0,0,27,53,280,48,38,1516,0,803,11609
oliveira/04_11/randm10.02.02.09.020_0030.05.aba.beta,True,9,7,0.015014886856079102,0.14915251731872559,0.0008900165557861328,0.16505742073059082,72,9,0,0,17,25,109,42,17,538,0,705,10439
oliveira/04_11/randm10.02.02.10.020_0030.01.aba.beta,True,10,7,0.018645286560058594,0.14313268661499023,0.001001119613647461,0.1627790927886963,68,10,0,0,20,15,230,40,6,563,0,792,11817
oliveira/04_11/randm10.02.02.10.020_0030.02.aba.beta,True,8,7,0.011377573013305664,0.08655381202697754,0.0008854866027832031,0.0988168716430664,62,8,0,0,19,16,148,36,9,392,0,718,10780
oliveira/04_11/randm10.02.02.10.020_0030.03.aba.beta,True,8,7,0.015337705612182617,0.0918731689453125,0.0008785724639892578,0.10808944702148438,64,8,0,0,18,14,209,36,7,606,0,689,10236
oliveira/04_11/randm10.02.02.10.020_0030.04.aba.beta,True,10,7,0.011763334274291992,0.062174081802368164,0.0008211135864257812,0.07475852966308594,57,10,0,0,10,15,77,31,6,404,0,643,9273
oliveira/04_11/randm10.02.02.10.020_0030.05.aba.beta,True,10,7,0.013599395751953125,0.11653709411621094,0.0010845661163330078,0.13122105598449707,76,10,0,0,12,14,227,33,5,765,0,855,12757
oliveira/04_11/randm10.02.02.11.020_0030.01.aba.beta,True,6,7,0.00848245620727539,0.0505681037902832,0.0007631778717041016,0.059813737869262695,51,6,0,0,16,11,57,31,6,291,0,590,8872
oliveira/04_11/randm10.02.02.11.020_0030.02.aba.beta,True,6,7,0.008173942565917969,0.052895545959472656,0.000732421875,0.061801910400390625,51,6,0,0,25,15,51,37,10,219,0,573,8714
oliveira/04_11/randm10.02.02.11.020_0030.03.aba.beta,True,14,7,0.021083593368530273,0.13998746871948242,0.0008225440979003906,0.16189360618591309,83,14,0,0,16,26,94,32,13,543,0,658,9267
oliveira/04_11/randm10.02.02.11.020_0030.04.aba.beta,True,6,7,0.012386083602905273,0.06304717063903809,0.0007326602935791016,0.07616591453552246,58,6,0,0,22,12,84,32,7,326,0,587,8873
oliveira/04_11/randm10.02.02.11.020_0030.05.aba.beta,True,7,7,0.00796818733215332,0.035276174545288086,0.0008943080902099609,0.04413866996765137,43,7,0,0,14,9,65,32,3,255,0,693,10487
oliveira/04_11/randm10.02.02.12.020_0030.01.aba.beta,True,11,8,0.03600454330444336,0.5160057544708252,0.0009214878082275391,0.5529317855834961,128,11,0,0,34,56,245,54,46,1034,0,737,10617
oliveira/04_11/randm10.02.02.12.020_0030.02.aba.beta,True,18,8,0.10848355293273926,1.596611738204956,0.001428365707397461,1.7065236568450928,180,18,0,0,22,104,373,50,87,1832,0,1087,15961
oliveira/04_11/randm10.02.02.12.020_0030.03.aba.beta,True,16,8,0.028642654418945312,0.19896221160888672,0.0010821819305419922,0.22868704795837402,112,16,0,0,19,26,328,41,11,1158,0,852,12358
oliveira/04_11/randm10.02.02.12.020_0030.04.aba.beta,True,16,8,0.03126859664916992,0.23278045654296875,0.0009050369262695312,0.2649540901184082,128,16,0,0,23,33,192,47,18,1290,0,768,10718
oliveira/04_11/randm10.02.02.12.020_0030.05.aba.beta,True,15,8,0.06388521194458008,0.8598203659057617,0.0016713142395019531,0.9253768920898438,154,15,0,0,36,59,452,57,45,1558,0,1292,19177
oliveira/04_11/randm10.02.02.13.020_0030.01.aba.beta,True,11,6,0.021641016006469727,0.19035911560058594,0.0008704662322998047,0.21287059783935547,94,11,0,0,14,24,179,35,14,933,0,691,9988
oliveira/04_11/randm10.02.02.13.020_0030.02.aba.beta,True,5,6,0.005877494812011719,0.03489398956298828,0.0010552406311035156,0.041826725006103516,45,5,0,0,16,8,80,29,4,263,0,685,10677
oliveira/04_11/randm10.02.02.13.020_0030.03.aba.beta,True,12,6,0.019071578979492188,0.2249915599822998,0.0012471675872802734,0.24531030654907227,110,12,0,0,10,15,425,33,4,1331,0,974,14522
oliveira/04_11/randm10.02.02.13.020_0030.04.aba.beta,True,8,6,0.018665552139282227,0.08531594276428223,0.001344442367553711,0.10532593727111816,87,8,0,0,22,16,259,36,9,865,0,1002,15587
oliveira/04_11/randm10.02.02.13.020_0030.05.aba.beta,True,12,6,0.01935863494873047,0.14721274375915527,0.0012922286987304688,0.1678636074066162,90,12,0,0,13,19,411,36,8,892,0,1016,15029
oliveira/04_11/randm10.02.02.14.020_0030.01.aba.beta,True,16,9,0.2897341251373291,4.2977073192596436,0.0015265941619873047,4.58896803855896,227,16,0,0,51,216,483,78,201,2371,0,1139,16511
oliveira/04_11/randm10.02.02.14.020_0030.02.aba.beta,True,10,9,1.538228988647461,13.74838638305664,0.0009853839874267578,15.287600755691528,274,10,0,0,64,761,349,75,752,2737,0,688,10132
oliveira/04_11/randm10.02.02.14.020_0030.03.aba.beta,True,22,9,0.8547396659851074,19.13304829597473,0.0028336048126220703,19.99062156677246,305,22,0,0,52,492,969,82,471,3460,0,1991,30134
oliveira/04_11/randm10.02.02.14.020_0030.04.aba.beta,True,25,9,4.503942966461182,47.04190635681152,0.003007173538208008,51.54885649681091,398,25,0,0,57,1474,814,87,1450,4240,0,2007,30068
oliveira/04_11/randm10.02.02.14.020_0030.05.aba.beta,True,19,9,0.39592432975769043,5.197114706039429,0.00159454345703125,5.59463357925415,260,19,0,0,53,298,524,75,280,2734,0,1218,17971
oliveira/04_11/randm10.02.02.15.020_0030.01.aba.beta,True,13,8,0.02383732795715332,0.21103906631469727,0.0012085437774658203,0.2360849380493164,98,13,0,0,19,34,230,39,22,905,0,938,13899
oliveira/04_11/randm10.02.02.15.020_0030.02.aba.beta,True,15,8,0.04593610763549805,0.6463618278503418,0.0009579658508300781,0.6932559013366699,130,15,0,0,33,50,288,49,36,1167,0,727,10230
oliveira/04_11/randm10.02.02.15.020_0030.03.aba.beta,True,18,8,0.030972003936767578,0.20151877403259277,0.0015468597412109375,0.2340376377105713,112,18,0,0,16,21,313,49,4,1059,0,1264,18307
oliveira/04_11/randm10.02.02.15.020_0030.04.aba.beta,True,18,8,0.03643393516540527,0.4912142753601074,0.0012674331665039062,0.5289156436920166,144,18,0,0,19,40,302,49,23,1621,0,1017,14319
oliveira/04_11/randm10.02.02.15.020_0030.05.aba.beta,True,17,8,0.04256105422973633,0.5284311771392822,0.0012106895446777344,0.5722029209136963,135,17,0,0,25,57,343,51,41,1277,0,978,13789
oliveira/04_11/randm10.02.02.16.020_0030.01.aba.beta,True,16,8,0.25422239303588867,3.5320188999176025,0.0019428730010986328,3.78818416595459,224,16,0,0,37,276,405,78,261,2049,0,1438,21507
oliveira/04_11/randm10.02.02.16.020_0030.02.aba.beta,True,27,8,0.11105799674987793,1.3890833854675293,0.002592325210571289,1.5027337074279785,246,27,0,0,16,69,888,63,43,3114,0,1873,27187
oliveira/04_11/randm10.02.02.16.020_0030.03.aba.beta,True,13,8,0.027537822723388672,0.25513458251953125,0.001039266586303711,0.28371167182922363,110,13,0,0,21,31,192,41,19,1009,0,831,11869
oliveira/04_11/randm10.02.02.16.020_0030.04.aba.beta,True,9,8,0.029107093811035156,0.24798345565795898,0.0010161399841308594,0.278106689453125,104,9,0,0,26,36,241,48,28,946,0,786,11549
oliveira/04_11/randm10.02.02.16.020_0030.05.aba.beta,True,17,8,0.06415343284606934,0.850806713104248,0.0016605854034423828,0.9166207313537598,142,17,0,0,16,46,456,49,30,1652,0,1201,17782
oliveira/04_11/randm10.02.02.17.020_0030.01.aba.beta,True,11,7,0.020061492919921875,0.1770644187927246,0.0009367465972900391,0.19806265830993652,112,11,0,0,27,23,315,48,13,1229,0,773,11258
oliveira/04_11/randm10.02.02.17.020_0030.02.aba.beta,True,12,7,0.05558514595031738,0.7427980899810791,0.001199483871459961,0.7995827198028564,146,12,0,0,42,71,371,50,60,1155,0,903,13363
oliveira/04_11/randm10.02.02.17.020_0030.03.aba.beta,True,5,7,0.023431777954101562,0.3851296901702881,0.0008013248443603516,0.40936279296875,89,5,0,0,21,29,349,38,25,825,0,603,9342
oliveira/04_11/randm10.02.02.17.020_0030.04.aba.beta,True,14,7,0.03347134590148926,0.27674150466918945,0.0012080669403076172,0.31142091751098633,127,14,0,0,20,38,460,43,25,1269,0,952,13881
oliveira/04_11/randm10.02.02.17.020_0030.05.aba.beta,True,13,7,0.0269010066986084,0.21079087257385254,0.0012187957763671875,0.23891067504882812,111,13,0,0,16,29,355,41,17,1153,0,947,13964
oliveira/04_11/randm10.02.02.18.020_0030.01.aba.beta,True,1,1,0.0005252361297607422,0.0011718273162841797,0.0007076263427734375,0.0024046897888183594,3,1,0,0,0,1,3,3,1,2,0,539,8607
oliveira/04_11/randm10.02.02.18.020_0030.02.aba.beta,True,1,1,0.00511622428894043,0.0011277198791503906,0.0007195472717285156,0.006963491439819336,3,1,0,0,0,1,3,3,1,2,0,537,8599
oliveira/04_11/randm10.02.02.18.020_0030.03.aba.beta,True,1,1,0.0004897117614746094,0.0011277198791503906,0.0007078647613525391,0.002325296401977539,3,1,0,0,0,1,3,3,1,2,0,537,8596
oliveira/04_11/randm10.02.02.18.020_0030.04.aba.beta,True,1,1,0.0004773139953613281,0.0011150836944580078,0.0007932186126708984,0.0023856163024902344,3,1,0,0,0,1,3,3,1,2,0,536,8587
oliveira/04_11/randm10.02.02.18.020_0030.05.aba.beta,True,1,1,0.0004723072052001953,0.0011456012725830078,0.0007021427154541016,0.0023200511932373047,3,1,0,0,0,1,3,3,1,2,0,537,8596
oliveira/04_11/randm10.02.02.19.020_0030.01.aba.beta,True,15,10,0.027025938034057617,0.18365955352783203,0.0016689300537109375,0.21235442161560059,93,15,0,0,31,27,192,53,13,769,0,1293,19299
oliveira/04_11/randm10.02.02.19.020_0030.02.aba.beta,True,16,10,0.04648399353027344,0.4865245819091797,0.0012693405151367188,0.5342779159545898,145,16,0,0,38,36,399,65,21,1441,0,940,13374
oliveira/04_11/randm10.02.02.19.020_0030.03.aba.beta,True,27,10,0.08127450942993164,1.0324485301971436,0.003050565719604492,1.1167736053466797,227,27,0,0,29,52,715,70,26,2619,0,2233,32904
oliveira/04_11/randm10.02.02.19.020_0030.04.aba.beta,True,19,10,0.06055593490600586,0.43022656440734863,0.0019826889038085938,0.4927651882171631,165,19,0,0,37,43,448,62,25,1685,0,1508,22143
oliveira/04_11/randm10.02.02.19.020_0030.05.aba.beta,True,26,10,0.10548615455627441,1.910632610321045,0.0022013187408447266,2.018320083618164,227,26,0,0,36,92,623,73,67,2538,0,1693,24497
oliveira/04_11/randm11.02.02.01.020_0030.01.aba.beta,True,23,10,0.07924342155456543,1.0471816062927246,0.0018558502197265625,1.1282808780670166,195,23,0,0,40,76,418,64,54,2019,0,1424,20257
oliveira/04_11/randm11.02.02.01.020_0030.02.aba.beta,True,18,10,0.05322742462158203,0.5326986312866211,0.0016469955444335938,0.5875730514526367,138,18,0,0,39,58,190,58,41,1127,0,1274,18485
oliveira/04_11/randm11.02.02.01.020_0030.03.aba.beta,True,25,10,2.372359275817871,28.713268518447876,0.0032966136932373047,31.088924407958984,385,25,0,0,70,661,858,88,637,4395,0,2355,35523
oliveira/04_11/randm11.02.02.01.020_0030.04.aba.beta,True,21,10,0.14877867698669434,2.481255292892456,0.0021622180938720703,2.6321961879730225,248,21,0,0,39,93,899,65,73,3160,0,1586,23654
oliveira/04_11/randm11.02.02.01.020_0030.05.aba.beta,True,13,10,0.22637200355529785,2.7510828971862793,0.0016353130340576172,2.9790902137756348,159,13,0,0,48,190,331,66,178,1275,0,1196,17723
oliveira/04_11/randm11.02.02.02.020_0030.01.aba.beta,True,9,9,0.014188051223754883,0.10340332984924316,0.001117706298828125,0.11870908737182617,63,9,0,0,27,17,110,41,9,426,0,860,12943
oliveira/04_11/randm11.02.02.02.020_0030.02.aba.beta,True,18,10,0.10236454010009766,1.7147321701049805,0.00410008430480957,1.8211967945098877,193,18,0,0,48,104,436,66,87,1953,0,2958,46395
oliveira/04_11/randm11.02.02.02.020_0030.03.aba.beta,True,17,10,0.05359649658203125,0.412111759185791,0.0018310546875,0.46753931045532227,137,17,0,0,37,35,263,59,19,1204,0,1437,21195
oliveira/04_11/randm11.02.02.02.020_0030.04.aba.beta,True,17,10,0.05418086051940918,0.5192372798919678,0.001287221908569336,0.5747053623199463,167,17,0,0,39,35,354,60,19,1785,0,984,13785
oliveira/04_11/randm11.02.02.02.020_0030.05.aba.beta,True,11,10,0.04535531997680664,0.4857041835784912,0.0010933876037597656,0.5321528911590576,129,11,0,0,39,48,219,48,38,1114,0,850,12440
oliveira/04_11/randm11.02.02.03.020_0030.01.aba.beta,True,23,10,0.27335023880004883,3.192483901977539,0.002408742904663086,3.468242883682251,214,23,0,0,68,213,259,81,191,1737,0,1813,26220
oliveira/04_11/randm11.02.02.03.020_0030.02.aba.beta,True,22,10,0.3154113292694092,4.480127334594727,0.001903533935546875,4.797442197799683,220,22,0,0,49,214,398,74,193,2073,0,1415,20598
oliveira/04_11/randm11.02.02.03.020_0030.03.aba.beta,True,22,10,0.1155388355255127,1.9394395351409912,0.0021665096282958984,2.0571448802948,224,22,0,0,44,84,511,69,63,2495,0,1593,23438
oliveira/04_11/randm11.02.02.03.020_0030.04.aba.beta,True,23,10,2.5153658390045166,29.466336965560913,0.0015108585357666016,31.983213663101196,323,23,0,0,66,1014,619,84,992,3173,0,1140,15769
oliveira/04_11/randm11.02.02.03.020_0030.05.aba.beta,True,14,10,0.11237502098083496,1.4734714031219482,0.0016977787017822266,1.5875442028045654,148,14,0,0,43,115,254,63,102,1172,0,1300,19346
oliveira/04_11/randm11.02.02.04.020_0030.01.aba.beta,True,11,9,0.0271914005279541,0.20232391357421875,0.0009670257568359375,0.2304823398590088,109,11,0,0,20,24,400,38,14,1149,0,780,11431
oliveira/04_11/randm11.02.02.04.020_0030.02.aba.beta,True,12,9,0.05903506278991699,0.7273521423339844,0.0009682178497314453,0.7873554229736328,108,12,0,0,32,89,127,48,78,675,0,759,10903
oliveira/04_11/randm11.02.02.04.020_0030.03.aba.beta,True,12,9,0.021666288375854492,0.14247894287109375,0.0008757114410400391,0.16502094268798828,103,12,0,0,29,20,251,49,9,925,0,704,10026
oliveira/04_11/randm11.02.02.04.020_0030.04.aba.beta,True,19,9,0.046683311462402344,0.4746561050415039,0.0012280941009521484,0.5225675106048584,181,19,0,0,36,38,348,56,20,1990,0,1021,14214
oliveira/04_11/randm11.02.02.04.020_0030.05.aba.beta,True,14,9,0.029623746871948242,0.21568799018859863,0.0011174678802490234,0.2464292049407959,124,14,0,0,35,27,362,51,14,1111,0,874,12574
oliveira/04_11/randm11.02.02.05.020_0030.01.aba.beta,True,13,8,0.030863285064697266,0.3782501220703125,0.0010771751403808594,0.4101905822753906,125,13,0,0,23,30,293,45,18,1381,0,833,12258
oliveira/04_11/randm11.02.02.05.020_0030.02.aba.beta,True,14,8,0.036173343658447266,0.37241554260253906,0.001333475112915039,0.40992236137390137,122,14,0,0,19,39,421,43,26,1282,0,995,14588
oliveira/04_11/randm11.02.02.05.020_0030.03.aba.beta,True,15,8,0.03261256217956543,0.24489879608154297,0.0009906291961669922,0.2785019874572754,103,15,0,0,17,26,236,41,12,952,0,826,11583
oliveira/04_11/randm11.02.02.05.020_0030.04.aba.beta,True,16,8,0.03760671615600586,0.2554447650909424,0.001214742660522461,0.2942662239074707,142,16,0,0,28,25,313,49,10,1531,0,896,12910
oliveira/04_11/randm11.02.02.05.020_0030.05.aba.beta,True,19,8,0.041057586669921875,0.46887993812561035,0.001171112060546875,0.5111086368560791,160,19,0,0,25,41,330,48,23,1667,0,934,13073
oliveira/04_11/randm11.02.02.06.020_0030.01.aba.beta,True,15,8,0.05863189697265625,0.7391297817230225,0.0016226768493652344,0.799384355545044,143,15,0,0,32,49,533,53,35,1518,0,1162,17202
oliveira/04_11/randm11.02.02.06.020_0030.02.aba.beta,True,13,8,0.045748233795166016,0.5343880653381348,0.0017247200012207031,0.5818610191345215,120,13,0,0,35,47,295,49,35,1088,0,1205,18764
oliveira/04_11/randm11.02.02.06.020_0030.03.aba.beta,True,12,8,0.02480173110961914,0.08696675300598145,0.0010824203491210938,0.11285090446472168,63,12,0,0,15,18,60,34,7,378,0,859,12554
oliveira/04_11/randm11.02.02.06.020_0030.04.aba.beta,True,20,8,0.0616607666015625,0.8315064907073975,0.0017626285552978516,0.8949298858642578,166,20,0,0,28,54,317,50,35,1774,0,1363,19866
oliveira/04_11/randm11.02.02.06.020_0030.05.aba.beta,True,17,8,0.04748392105102539,0.546797513961792,0.0012166500091552734,0.5954980850219727,150,17,0,0,37,58,230,53,42,1512,0,979,13959
oliveira/04_11/randm11.02.02.07.020_0030.01.aba.beta,True,22,9,0.07558202743530273,0.9610264301300049,0.0026106834411621094,1.0392191410064697,175,22,0,0,32,59,436,64,38,1635,0,2019,29646
oliveira/04_11/randm11.02.02.07.020_0030.02.aba.beta,True,18,9,0.09074831008911133,1.6965677738189697,0.0022618770599365234,1.7895779609680176,176,18,0,0,41,75,511,66,58,1861,0,1660,24889
oliveira/04_11/randm11.02.02.07.020_0030.03.aba.beta,True,15,9,0.03804636001586914,0.4082515239715576,0.0019392967224121094,0.44823718070983887,126,15,0,0,33,35,490,55,21,1300,0,1467,22214
oliveira/04_11/randm11.02.02.07.020_0030.04.aba.beta,True,17,9,0.09703564643859863,1.4689769744873047,0.0015501976013183594,1.5675628185272217,154,17,0,0,37,96,341,56,80,1318,0,1155,17173
oliveira/04_11/randm11.02.02.07.020_0030.05.aba.beta,True,20,9,0.10133194923400879,1.397737979888916,0.0013582706451416016,1.5004281997680664,187,20,0,0,41,67,466,67,48,1869,0,1078,14999
oliveira/04_11/randm11.02.02.08.020_0030.01.aba.beta,True,7,6,0.015166521072387695,0.0994729995727539,0.0007719993591308594,0.11541152000427246,55,7,0,0,17,23,57,39,17,317,0,609,9113
oliveira/04_11/randm11.02.02.08.020_0030.02.aba.beta,True,6,6,0.06508278846740723,0.042211294174194336,0.0007884502410888672,0.10808253288269043,48,6,0,0,14,12,91,27,7,296,0,588,8904
oliveira/04_11/randm11.02.02.08.020_0030.03.aba.beta,True,7,6,0.00842738151550293,0.053694725036621094,0.0009624958038330078,0.06308460235595703,54,7,0,0,17,10,133,34,4,393,0,740,11230
oliveira/04_11/randm11.02.02.08.020_0030.04.aba.beta,True,9,6,0.01434183120727539,0.056127071380615234,0.000823974609375,0.07129287719726562,71,9,0,0,11,12,157,30,4,696,0,686,10161
oliveira/04_11/randm11.02.02.08.020_0030.05.aba.beta,True,11,6,0.01968073844909668,0.18088841438293457,0.0008230209350585938,0.20139217376708984,96,11,0,0,21,36,168,40,26,722,0,654,9378
oliveira/04_11/randm11.02.02.09.020_0030.01.aba.beta,True,8,6,0.012156248092651367,0.0881495475769043,0.0009851455688476562,0.10129094123840332,83,8,0,0,14,13,409,35,6,904,0,723,11105
oliveira/04_11/randm11.02.02.09.020_0030.02.aba.beta,True,11,6,0.016211509704589844,0.13886451721191406,0.001149892807006836,0.15622591972351074,105,11,0,0,16,15,407,38,5,1162,0,904,13464
oliveira/04_11/randm11.02.02.09.020_0030.03.aba.beta,True,9,6,0.012550830841064453,0.1232156753540039,0.0013387203216552734,0.13710522651672363,78,9,0,0,11,10,500,28,2,926,0,1058,16100
oliveira/04_11/randm11.02.02.09.020_0030.04.aba.beta,True,8,6,0.014176130294799805,0.05113506317138672,0.0009090900421142578,0.06622028350830078,57,8,0,0,14,10,187,29,3,537,0,721,10865
oliveira/04_11/randm11.02.02.09.020_0030.05.aba.beta,True,10,6,0.01869797706604004,0.14195823669433594,0.0010535717010498047,0.16170978546142578,99,10,0,0,19,21,319,39,12,1005,0,829,12227
oliveira/04_11/randm11.02.02.10.020_0030.01.aba.beta,True,37,9,4.767071485519409,52.285213470458984,0.006478548049926758,57.05876350402832,494,37,0,0,45,1043,1160,107,1007,5830,0,4468,68208
oliveira/04_11/randm11.02.02.10.020_0030.02.aba.beta,True,24,9,0.46278810501098633,7.912471294403076,0.0031630992889404297,8.378422498703003,279,24,0,0,50,344,521,86,321,3052,0,2363,35371
oliveira/04_11/randm11.02.02.10.020_0030.03.aba.beta,True,20,9,0.575178861618042,8.497848510742188,0.0020978450775146484,9.075125217437744,246,20,0,0,58,336,437,76,317,2659,0,1417,21066
oliveira/04_11/randm11.02.02.10.020_0030.04.aba.beta,True,25,9,1.0963077545166016,16.014913320541382,0.0024073123931884766,17.113628387451172,321,25,0,0,63,486,540,84,462,3448,0,1778,25999
oliveira/04_11/randm11.02.02.10.020_0030.05.aba.beta,True,13,8,0.06001758575439453,0.8350479602813721,0.0014376640319824219,0.896503210067749,171,13,0,0,50,62,550,68,50,1770,0,1078,16021
oliveira/04_11/randm11.02.02.11.020_0030.01.aba.beta,True,23,11,0.21552443504333496,3.1006522178649902,0.005783796310424805,3.32196044921875,222,23,0,0,55,156,395,75,134,2160,0,4112,64600
oliveira/04_11/randm11.02.02.11.020_0030.02.aba.beta,True,14,10,0.03385281562805176,0.23937535285949707,0.0022208690643310547,0.2754490375518799,106,14,0,0,26,30,132,46,17,828,0,1395,20943
oliveira/04_11/randm11.02.02.11.020_0030.03.aba.beta,True,11,11,0.03477120399475098,0.3304469585418701,0.001556396484375,0.3667745590209961,123,11,0,0,46,45,194,54,35,895,0,1117,17003
oliveira/04_11/randm11.02.02.11.020_0030.04.aba.beta,True,18,11,0.07486557960510254,0.7893900871276855,0.0035638809204101562,0.8678195476531982,148,18,0,0,42,63,265,65,46,1230,0,2587,39866
oliveira/04_11/randm11.02.02.11.020_0030.05.aba.beta,True,18,11,0.05874061584472656,0.5551753044128418,0.004625082015991211,0.6185410022735596,146,18,0,0,37,42,364,61,25,1289,0,3423,53706
oliveira/04_11/randm11.02.02.12.020_0030.01.aba.beta,True,14,6,0.03812599182128906,0.4078969955444336,0.0016901493072509766,0.44771313667297363,126,14,0,0,22,27,432,45,14,1274,0,1189,17642
oliveira/04_11/randm11.02.02.12.020_0030.02.aba.beta,True,6,6,0.00899362564086914,0.0789651870727539,0.0008242130279541016,0.08878302574157715,50,6,0,0,14,8,208,25,3,405,0,613,9499
oliveira/04_11/randm11.02.02.12.020_0030.03.aba.beta,True,4,6,0.007147312164306641,0.058355093002319336,0.0008058547973632812,0.06630825996398926,51,4,0,0,18,14,140,29,11,340,0,590,9291
oliveira/04_11/randm11.02.02.12.020_0030.04.aba.beta,True,7,6,0.015130758285522461,0.1012430191040039,0.0008618831634521484,0.11723566055297852,62,7,0,0,22,19,99,37,13,387,0,648,9713
oliveira/04_11/randm11.02.02.12.020_0030.05.aba.beta,True,14,6,0.029826641082763672,0.47513866424560547,0.001728057861328125,0.5066933631896973,165,14,0,0,21,26,498,42,13,1958,0,1261,19172
oliveira/04_11/randm11.02.02.13.020_0030.01.aba.beta,True,17,9,0.0752112865447998,1.096308708190918,0.001275777816772461,1.1727957725524902,194,17,0,0,32,62,433,58,46,2218,0,988,13918
oliveira/04_11/randm11.02.02.13.020_0030.02.aba.beta,True,19,9,0.053159475326538086,0.4681854248046875,0.00140380859375,0.5227487087249756,154,19,0,0,27,38,354,58,20,1507,0,1112,15748
oliveira/04_11/randm11.02.02.13.020_0030.03.aba.beta,True,9,9,0.07934355735778809,0.8873231410980225,0.0008797645568847656,0.9675464630126953,125,9,0,0,45,109,158,63,101,883,0,645,9288
oliveira/04_11/randm11.02.02.13.020_0030.04.aba.beta,True,18,9,0.11835026741027832,2.3456406593322754,0.0020439624786376953,2.4660348892211914,210,18,0,0,41,113,542,67,96,2371,0,1499,22005
oliveira/04_11/randm11.02.02.13.020_0030.05.aba.beta,True,14,9,0.02636098861694336,0.2203207015991211,0.0012676715850830078,0.24794936180114746,109,14,0,0,23,25,297,51,12,1000,0,976,14198
oliveira/04_11/randm11.02.02.14.020_0030.01.aba.beta,True,24,9,0.14695954322814941,3.002094268798828,0.0026826858520507812,3.1517364978790283,265,24,0,0,45,112,888,76,89,2988,0,1960,29233
oliveira/04_11/randm11.02.02.14.020_0030.02.aba.beta,True,21,9,0.10179877281188965,1.410231351852417,0.0026869773864746094,1.5147171020507812,192,21,0,0,41,77,547,66,57,1987,0,1994,29584
oliveira/04_11/randm11.02.02.14.020_0030.03.aba.beta,True,29,9,0.09466028213500977,1.5132315158843994,0.0032911300659179688,1.6111829280853271,233,29,0,0,46,76,783,77,48,2759,0,2420,35818
oliveira/04_11/randm11.02.02.14.020_0030.04.aba.beta,True,16,9,0.278226375579834,4.964170694351196,0.0016393661499023438,5.244036436080933,207,16,0,0,41,199,671,66,184,2150,0,1187,17341
oliveira/04_11/randm11.02.02.14.020_0030.05.aba.beta,True,23,9,0.272782564163208,3.9476959705352783,0.0021440982818603516,4.222622632980347,283,23,0,0,60,120,720,74,98,3381,0,1540,23026
oliveira/04_11/randm11.02.02.15.020_0030.01.aba.beta,True,17,10,0.0478520393371582,0.40233898162841797,0.0013017654418945312,0.4514927864074707,137,17,0,0,31,42,289,53,26,1211,0,969,13795
oliveira/04_11/randm11.02.02.15.020_0030.02.aba.beta,True,18,10,0.07393717765808105,0.6157350540161133,0.001138448715209961,0.6908106803894043,143,18,0,0,38,60,165,61,43,1179,0,862,11884
oliveira/04_11/randm11.02.02.15.020_0030.03.aba.beta,True,17,10,0.037270307540893555,0.2605764865875244,0.0013000965118408203,0.2991468906402588,155,17,0,0,24,26,245,50,10,1708,0,1033,14847
oliveira/04_11/randm11.02.02.15.020_0030.04.aba.beta,True,11,10,0.028601408004760742,0.20303583145141602,0.0009129047393798828,0.23255014419555664,100,11,0,0,28,29,208,48,19,855,0,727,10706
oliveira/04_11/randm11.02.02.15.020_0030.05.aba.beta,True,18,10,0.03883481025695801,0.2587554454803467,0.0016274452209472656,0.29921770095825195,143,18,0,0,25,21,522,53,4,1657,0,1176,17361
oliveira/04_11/randm11.02.02.16.020_0030.01.aba.beta,True,12,9,0.04035615921020508,0.34773945808410645,0.0010139942169189453,0.38910961151123047,94,12,0,0,34,43,125,54,32,668,0,777,11159
oliveira/04_11/randm11.02.02.16.020_0030.02.aba.beta,True,17,9,0.029291629791259766,0.19102764129638672,0.0017552375793457031,0.2220745086669922,119,17,0,0,18,21,334,43,5,1277,0,1350,20202
oliveira/04_11/randm11.02.02.16.020_0030.03.aba.beta,True,19,9,0.09309530258178711,1.367342472076416,0.002788066864013672,1.4632258415222168,178,19,0,0,48,113,351,69,95,1463,0,2070,31180
oliveira/04_11/randm11.02.02.16.020_0030.04.aba.beta,True,19,9,0.04120635986328125,0.39712071418762207,0.0012974739074707031,0.439624547958374,159,19,0,0,22,32,281,52,14,1738,0,937,13022
oliveira/04_11/randm11.02.02.16.020_0030.05.aba.beta,True,17,9,0.03915715217590332,0.3212459087371826,0.001486063003540039,0.361889123916626,141,17,0,0,18,24,382,48,8,1558,0,1160,16977
oliveira/04_11/randm11.02.02.17.020_0030.01.aba.beta,True,28,11,0.788811445236206,10.520431518554688,0.002127408981323242,11.311370372772217,338,28,0,0,51,453,602,80,426,3837,0,1547,21991
oliveira/04_11/randm11.02.02.17.020_0030.02.aba.beta,True,24,11,0.08039641380310059,0.960254430770874,0.002253293991088867,1.0429041385650635,219,24,0,0,24,46,535,59,23,2530,0,1519,22397
oliveira/04_11/randm11.02.02.17.020_0030.03.aba.beta,True,30,11,0.254591703414917,4.731596946716309,0.0027883052825927734,4.988976955413818,346,30,0,0,48,180,717,76,151,4200,0,1853,26603
oliveira/04_11/randm11.02.02.17.020_0030.04.aba.beta,True,23,11,0.5948832035064697,6.133785963058472,0.0017390251159667969,6.730408191680908,246,23,0,0,65,307,468,79,285,2306,0,1327,18929
oliveira/04_11/randm11.02.02.17.020_0030.05.aba.beta,True,34,11,0.7936251163482666,14.273276805877686,0.003239154815673828,15.070141077041626,376,34,0,0,57,392,895,93,359,4864,0,2343,35115
oliveira/04_11/randm11.02.02.18.020_0030.01.aba.beta,True,19,7,0.03254342079162598,0.29766845703125,0.0019893646240234375,0.3322012424468994,180,19,0,0,20,24,370,47,6,2043,0,1585,23297
oliveira/04_11/randm11.02.02.18.020_0030.02.aba.beta,True,18,7,0.11689591407775879,0.592648983001709,0.0030324459075927734,0.7125773429870605,177,18,0,0,19,33,607,44,16,2156,0,2196,33271
oliveira/04_11/randm11.02.02.18.020_0030.03.aba.beta,True,13,7,0.033111572265625,0.38474178314208984,0.0009441375732421875,0.41879749298095703,133,13,0,0,20,44,235,47,32,1173,0,762,10698
oliveira/04_11/randm11.02.02.18.020_0030.04.aba.beta,True,9,7,0.010016441345214844,0.03136801719665527,0.0012116432189941406,0.04259610176086426,42,9,0,0,13,9,50,26,1,215,0,911,13943
oliveira/04_11/randm11.02.02.18.020_0030.05.aba.beta,True,11,7,0.017533302307128906,0.0825648307800293,0.0013511180877685547,0.10144925117492676,66,11,0,0,17,17,108,34,7,400,0,1033,15781
oliveira/04_11/randm11.02.02.19.020_0030.01.aba.beta,True,42,11,1.10496187210083,51.464508056640625,0.0035037994384765625,52.57297372817993,448,42,0,0,34,406,873,77,365,6096,0,2454,35472
oliveira/04_11/randm11.02.02.19.020_0030.02.aba.beta,True,27,11,4.007159233093262,32.48157596588135,0.003214120864868164,36.49194931983948,388,27,0,0,93,1102,722,96,1076,3612,0,2386,35779
oliveira/04_11/randm11.02.02.19.020_0030.03.aba.beta,True,23,11,0.08808016777038574,1.061206340789795,0.002254009246826172,1.1515405178070068,178,23,0,0,48,62,454,79,40,1857,0,1761,25864
oliveira/04_11/randm11.02.02.19.020_0030.04.aba.beta,True,19,11,1.1828501224517822,7.853322744369507,0.0016210079193115234,9.0377938747406,231,19,0,0,83,472,314,80,454,2023,0,1187,17691
oliveira/04_11/randm11.02.02.19.020_0030.05.aba.beta,True,20,11,0.3824143409729004,5.389739036560059,0.002393007278442383,5.774546384811401,221,20,0,0,53,364,472,76,345,2070,0,1509,22612
